 0 3.6045631386576846 0 3.6045631386576846 1 1
 1 20.810648116216765 0.7023299999999996 20.108318116216765 2 2
 2 37.328638116216766 17.28564 20.042998116216765 3 3
 3 53.73764811621677 33.79856 19.939088116216766 4 4
 4 70.24297811621678 50.234730000000006 20.00824811621677 5 5
 5 86.61944811621677 66.72970000000001 19.889748116216765 6 6
 6 103.07415811621678 83.11929 19.954868116216772 7 7
 7 119.39374811621678 99.56301 19.83073811621678 8 8
 8 135.74652811621678 115.89811 19.848418116216777 9 9
 9 152.14012811621677 132.3251 19.81502811621678 10 10
 10 168.51943811621678 148.72337 19.796068116216787 11 11
 11 184.74991811621678 165.11544999999998 19.634468116216794 12 12
 12 201.10814811621677 181.31804999999997 19.790098116216797 13 13
 13 217.45190811621677 197.68621999999996 19.765688116216808 14 14
 14 233.79499811621676 214.04988999999998 19.745108116216784 15 15
 15 250.13493811621677 230.40008999999998 19.734848116216796 16 16
 16 266.3120081162167 246.74363999999997 19.568368116216732 17 17
 17 282.6469581162167 263.08672999999993 19.560228116216763 18 18
 18 298.9853081162167 279.4250799999999 19.560228116216763 19 19
 19 315.31891811621665 295.7634299999999 19.555488116216736 20 20
 20 331.6525281162166 312.0974999999999 19.555028116216704 21 21
 21 348.05127069377113 328.4311099999999 19.620160693771254 22 22
 22 364.3825106937711 344.6010699999998 19.781440693771287 23 23
 23 380.7137506937711 360.9323099999998 19.781440693771287 24 24
 24 396.88371069377104 377.2635499999998 19.620160693771254 25 25
 25 413.214950693771 393.4335099999997 19.781440693771287 26 26
 26 429.38491069377096 409.7647499999997 19.620160693771254 27 27
 27 445.71615069377094 426.0959899999997 19.620160693771254 28 28
 28 461.8861106937709 442.42722999999967 19.45888069377122 29 29
 29 478.21735069377087 458.5971899999996 19.620160693771254 30 30
 30 494.54859069377085 474.9284299999996 19.620160693771254 31 31
 31 510.7185506937708 491.2596699999996 19.45888069377122 32 32
 32 527.0497906937708 507.4296299999995 19.620160693771254 33 33
 33 543.2197506937707 523.7608699999995 19.45888069377122 34 34
 34 559.5509906937707 539.9308299999994 19.620160693771254 35 35
 35 575.7209506937706 556.2620699999994 19.45888069377122 36 36
 36 592.0521906937706 572.4320299999994 19.620160693771254 37 37
 37 608.3834306937706 588.7632699999994 19.620160693771254 38 38
 38 624.7146706937706 604.9332299999993 19.781440693771287 39 39
 39 641.0459106937706 621.2644699999993 19.781440693771287 40 40
 40 657.3771506937705 637.5957099999993 19.781440693771287 41 41
 41 673.7083906937705 653.9269499999992 19.781440693771287 42 42
 42 690.0396306937705 670.0969099999992 19.94272069377132 43 43
 43 706.3708706937705 686.4281499999992 19.94272069377132 44 44
 44 722.7021106937705 702.7593899999991 19.94272069377132 45 45
 45 739.0333506937704 718.9293499999991 20.104000693771354 46 46
 46 755.3645906937704 735.2605899999991 20.104000693771354 47 47
 47 771.6958306937704 751.430549999999 20.265280693771388 48 48
 48 788.0270706937704 767.761789999999 20.265280693771388 49 49
 49 804.3583106937704 784.093029999999 20.265280693771388 50 50
 50 820.6895506937703 800.424269999999 20.265280693771388 51 51
 51 837.0207906937703 816.7555099999989 20.265280693771388 52 52
 52 853.3520306937703 833.0867499999989 20.265280693771388 53 53
 53 869.6832706937703 849.4179899999989 20.265280693771388 54 54
 54 886.0145106937703 865.7492299999989 20.265280693771388 55 55
 55 902.3457506937702 882.0804699999989 20.265280693771388 56 56
 56 918.6769906937702 898.4882165193019 20.188774174468335 57 57
 57 935.0082306937702 914.8194565193019 20.188774174468335 58 58
 58 951.3394706937702 931.1506965193018 20.188774174468335 59 59
 59 967.5094306937701 947.4819365193018 20.027494174468302 60 60
 60 983.8406706937701 963.6518965193018 20.188774174468335 61 61
 61 1000.1719106937701 979.9831365193018 20.188774174468335 62 62
 62 1016.5031506937701 996.3143765193017 20.188774174468335 63 63
 63 1032.83439069377 1012.6456165193017 20.188774174468335 64 64
 64 1049.16563069377 1028.9768565193017 20.188774174468335 65 65
 65 1065.49687069377 1045.3080965193017 20.188774174468335 66 66
 66 1081.82811069377 1061.6393365193017 20.188774174468335 67 67
 67 1098.15935069377 1077.9705765193016 20.188774174468335 68 68
 68 1114.49059069377 1094.3018165193016 20.188774174468335 69 69
 69 1130.82183069377 1110.6330565193016 20.188774174468335 70 70
 70 1146.99179069377 1126.9642965193016 20.02749417446853 71 71
 71 1163.32303069377 1143.1342565193017 20.188774174468335 72 72
 72 1179.65427069377 1159.4654965193017 20.188774174468335 73 73
 73 1195.8242306937702 1175.7967365193017 20.02749417446853 74 74
 74 1212.1554706937702 1191.9666965193019 20.188774174468335 75 75
 75 1228.4867106937702 1208.2979365193019 20.188774174468335 76 76
 76 1244.6566706937704 1224.6291765193018 20.02749417446853 77 77
 77 1260.9879106937703 1240.8938676169107 20.094043076859634 78 78
 78 1277.3191506937703 1257.2251076169107 20.094043076859634 79 79
 79 1293.6503906937703 1273.5563476169107 20.094043076859634 80 80
 80 1309.9816306937703 1289.8875876169107 20.094043076859634 81 81
 81 1326.1515906937705 1306.2188276169106 19.93276307685983 82 82
 82 1342.4828306937704 1322.3887876169108 20.094043076859634 83 83
 83 1358.6527906937706 1338.7200276169108 19.93276307685983 84 84
 84 1374.9840306937706 1354.941132006686 20.042898687084516 85 85
 85 1391.3152706937706 1371.272372006686 20.042898687084516 86 86
 86 1407.6465106937706 1387.4423320066862 20.204178687084323 87 87
 87 1423.8164706937707 1403.7735720066862 20.042898687084516 88 88
 88 1440.1477106937707 1419.9435320066864 20.204178687084323 89 89
 89 1456.4789506937707 1436.2747720066864 20.204178687084323 90 90
 90 1472.8101906937707 1452.6060120066863 20.204178687084323 91 91
 91 1489.1414306937706 1468.7759720066865 20.36545868708413 92 92
 92 1505.4726706937706 1485.1072120066865 20.36545868708413 93 93
 93 1521.8039106937706 1501.4384520066865 20.36545868708413 94 94
 94 1538.1351506937706 1517.7696920066865 20.36545868708413 95 95
 95 1554.3051106937708 1533.9396520066866 20.36545868708413 96 96
 96 1570.6363506937707 1550.2708920066866 20.36545868708413 97 97
 97 1586.9675906937707 1566.6203957459022 20.347194947868502 98 98
 98 1603.2988306937707 1582.9516357459022 20.347194947868502 99 99
 99 1619.6300706937707 1599.2828757459022 20.347194947868502 100 100
 100 1635.9613106937707 1615.5310558580277 20.43025483574297 101 101
 101 1652.2925506937706 1631.8622958580277 20.43025483574297 102 102
 102 1668.6237906937706 1648.1935358580276 20.43025483574297 103 103
 103 1684.9550306937706 1664.5247758580276 20.43025483574297 104 104
 104 1701.2862706937706 1680.8560158580276 20.43025483574297 105 105
 105 1717.6175106937706 1697.1872558580276 20.43025483574297 106 106
 106 1733.9487506937705 1713.5184958580276 20.43025483574297 107 107
 107 1750.2799906937705 1729.8497358580275 20.43025483574297 108 108
 108 1766.4499506937707 1746.1809758580275 20.268974835743165 109 109
 109 1782.7811906937707 1762.5122158580275 20.268974835743165 110 110
 110 1799.1124306937706 1778.8434558580275 20.268974835743165 111 111
 111 1815.6055725119593 1795.1746958580275 20.43087665393182 112 112
 112 1831.9368125119593 1811.5059358580274 20.43087665393182 113 113
 113 1848.2680525119592 1827.8371758580274 20.43087665393182 114 114
 114 1864.5992925119592 1844.1684158580274 20.43087665393182 115 115
 115 1880.9305325119592 1860.4996558580274 20.43087665393182 116 116
 116 1897.2617725119592 1876.8308958580274 20.43087665393182 117 117
 117 1913.5930125119592 1893.1621358580273 20.43087665393182 118 118
 118 1929.7629725119593 1909.4933758580273 20.269596653932012 119 119
 119 1946.0942125119593 1925.6633358580275 20.43087665393182 120 120
 120 1962.4254525119593 1941.9945758580275 20.43087665393182 121 121
 121 1978.7566925119593 1958.3258158580275 20.43087665393182 122 122
 122 1995.0879325119593 1974.6570558580274 20.43087665393182 123 123
 123 2011.4191725119592 1990.9882958580274 20.43087665393182 124 124
 124 2027.8044761744911 2007.3195358580274 20.484940316463735 125 125
 125 2044.135716174491 2023.6507758580274 20.484940316463735 126 126
 126 2060.4669561744913 2039.9820158580274 20.484940316463963 127 127
 127 2076.7981961744917 2056.313255858028 20.484940316463963 128 128
 128 2093.129436174492 2072.644495858028 20.484940316463963 129 129
 129 2109.2993961744924 2088.9757358580287 20.3236603164637 130 130
 130 2125.630636174493 2105.145695858029 20.484940316463963 131 131
 131 2141.800596174493 2121.4769358580293 20.3236603164637 132 132
 132 2157.970556174493 2137.8081758580297 20.16238031646344 133 133
 133 2174.401238472592 2154.13941585803 20.26182261456188 134 134
 134 2190.7324784725924 2170.4706558580306 20.26182261456188 135 135
 135 2207.063718472593 2186.801895858031 20.26182261456188 136 136
 136 2223.3949584725933 2203.1331358580314 20.26182261456188 137 137
 137 2239.7261984725938 2219.464375858032 20.26182261456188 138 138
 138 2256.057438472594 2235.634335858032 20.42310261456214 139 139
 139 2272.3886784725946 2251.9655758580325 20.42310261456214 140 140
 140 2288.719918472595 2268.296815858033 20.42310261456214 141 141
 141 2305.0511584725955 2284.6280558580333 20.42310261456214 142 142
 142 2321.382398472596 2300.959295858034 20.42310261456214 143 143
 143 2337.7136384725964 2317.129255858034 20.5843826145624 144 144
 144 2354.044878472597 2333.4604958580344 20.5843826145624 145 145
 145 2370.376118472597 2349.6304558580346 20.74566261456266 146 146
