 0 0.39084363636363634 0 0.39084363636363634 1 1
 1 10.670752442163094 0.20614 10.464612442163094 2 2
 2 20.875942442163094 10.41482 10.461122442163093 3 3
 3 31.072922442163094 20.62699 10.445932442163095 4 4
 4 41.28427244216309 30.82921 10.455062442163094 5 5
 5 51.48011244216309 41.022800000000004 10.457312442163087 6 6
 6 61.684322442163094 51.22775000000001 10.456572442163086 7 7
 7 71.8972624421631 61.42943000000001 10.467832442163086 8 8
 8 82.1040024421631 71.63944000000001 10.464562442163086 9 9
 9 92.30810244216309 81.83958000000001 10.468522442163078 10 10
 10 102.50671244216309 92.03965000000001 10.467062442163083 11 11
 11 112.70413244216309 102.23724000000001 10.466892442163072 12 12
 12 122.91063244216309 112.43651000000001 10.474122442163079 13 13
 13 133.12381244216309 122.6346 10.48921244216308 14 14
 14 143.3244924421631 132.84042 10.484072442163097 15 15
 15 153.5157724421631 143.03306999999998 10.482702442163117 16 16
 16 163.7162424421631 153.2361 10.4801424421631 17 17
 17 173.9181424421631 163.43914999999998 10.478992442163104 18 18
 18 184.1111324421631 173.63223 10.478902442163104 19 19
 19 194.31471244216308 183.83305 10.481662442163099 20 20
 20 204.50946244216308 194.03045999999998 10.479002442163107 21 21
 21 214.7045924421631 204.22610999999998 10.478482442163113 22 22
 22 224.91185244216308 214.43311999999997 10.478732442163107 23 23
 23 235.11453244216307 224.63126999999997 10.483262442163095 24 24
 24 245.31565244216307 234.83752999999996 10.478122442163112 25 25
 25 255.50809244216308 245.03401999999997 10.474072442163106 26 26
 26 265.711662442163 255.23003999999997 10.48162244216303 27 27
 27 275.91336244216296 265.42843999999997 10.484922442162997 28 28
 28 286.1111224421629 275.62864999999994 10.482472442162987 29 29
 29 296.3129424421629 285.82794999999993 10.48499244216299 30 30
 30 306.5065324421629 296.0276199999999 10.478912442162994 31 31
 31 316.6944424421629 306.22391999999985 10.47052244216303 32 32
 32 326.8871424421628 316.4180099999998 10.469132442163016 33 33
 33 337.0925924421628 326.6151699999998 10.477422442163004 34 34
 34 347.2865124421628 336.82017999999977 10.466332442163036 35 35
 35 357.4867624421628 347.01891999999975 10.467842442163033 36 36
 36 367.6819424421628 357.22481999999974 10.45712244216304 37 37
 37 377.88741244216277 367.42769999999973 10.459712442163038 38 38
 38 388.08636244216274 377.6292699999997 10.45709244216306 39 39
 39 398.2838724421627 387.8283199999997 10.455552442163025 40 40
 40 408.4866424421627 398.02640999999966 10.460232442163033 41 41
 41 418.6781724421627 408.22703999999965 10.451132442163043 42 42
 42 428.87838244216266 418.42683999999963 10.451542442163031 43 43
 43 439.08543244216264 428.6264499999996 10.458982442163062 44 44
 44 449.2888024421626 438.81762999999955 10.471172442163038 45 45
 45 459.48456244216254 449.0175999999995 10.466962442163037 46 46
 46 469.6852424421625 459.2153299999995 10.469912442163036 47 47
 47 479.8848224421625 469.41218999999944 10.472632442163047 48 48
 48 490.0856324421625 479.6117199999994 10.473912442163055 49 49
 49 500.29369244216247 489.8157099999994 10.477982442163068 50 50
 50 510.4960024421624 500.0095899999994 10.486412442163044 51 51
 51 520.7046824421624 510.21161999999936 10.493062442163023 52 52
 52 530.9032224421624 520.4199899999993 10.483232442163057 53 53
 53 541.1173424421623 530.6235299999993 10.493812442163062 54 54
 54 551.3209524421624 540.8175099999993 10.503442442163077 55 55
 55 561.5174624421624 551.0146099999993 10.502852442163089 56 56
 56 571.7212524421624 561.2106299999992 10.51062244216314 57 57
 57 581.9321124421624 571.4137799999992 10.518332442163228 58 58
 58 592.1368824421623 581.6195599999992 10.517322442163163 59 59
 59 602.3410424421623 591.8248899999992 10.516152442163161 60 60
 60 612.5479124421623 602.0361799999991 10.51173244216318 61 61
 61 622.7428424421623 612.2424999999992 10.500342442163173 62 62
 62 632.9448824421623 622.4415899999991 10.503292442163229 63 63
 63 643.1507324421623 632.6456499999991 10.505082442163143 64 64
 64 653.3532624421623 642.8539899999992 10.499272442163146 65 65
 65 663.5608324421622 653.0576799999991 10.503152442163127 66 66
 66 673.7629324421622 663.2609099999991 10.502022442163138 67 67
 67 683.9692124421622 673.4615099999991 10.507702442163122 68 68
 68 694.1801824421622 683.661549999999 10.518632442163153 69 69
 69 704.3723724421621 693.8595699999989 10.512802442163206 70 70
 70 714.5731124421621 704.0569099999989 10.516202442163262 71 71
 71 724.7743124421621 714.2598199999989 10.51449244216326 72 72
 72 734.9731624421621 724.4521899999988 10.52097244216327 73 73
 73 745.1687724421621 734.6612899999988 10.507482442163337 74 74
 74 755.368952442162 744.8636499999988 10.50530244216327 75 75
 75 765.567452442162 755.0596599999988 10.507792442163236 76 76
 76 775.7643424421619 765.2551799999987 10.509162442163188 77 77
 77 785.9781424421619 775.4503099999987 10.52783244216323 78 78
 78 796.1806824421619 785.6421199999986 10.538562442163311 79 79
 79 806.3850624421619 795.8399299999986 10.545132442163322 80 80
 80 816.5948224421619 806.0428699999986 10.55195244216327 81 81
 81 826.7944024421619 816.2356199999986 10.558782442163306 82 82
 82 836.9981524421619 826.4280099999985 10.570142442163387 83 83
 83 847.2022224421619 836.6331699999985 10.56905244216341 84 84
 84 857.3953024421619 846.8327199999984 10.562582442163489 85 85
 85 867.5989824421619 857.0352899999983 10.563692442163529 86 86
 86 877.7984224421618 867.2389699999983 10.559452442163547 87 87
 87 887.9965424421619 877.4405199999983 10.556022442163567 88 88
 88 898.2000224421619 887.6474099999982 10.55261244216365 89 89
 89 908.4000724421618 897.8527399999982 10.547332442163565 90 90
 90 918.5946424421618 908.0597899999982 10.534852442163583 91 91
 91 928.7975124421617 918.2546499999982 10.542862442163596 92 92
 92 939.0046624421617 928.4633399999981 10.541322442163619 93 93
 93 949.2048024421616 938.6747999999981 10.53000244216355 94 94
 94 959.4102424421616 948.8700799999981 10.540162442163478 95 95
 95 969.6109024421615 959.070429999998 10.540472442163491 96 96
 96 979.8076424421615 969.2795399999981 10.528102442163458 97 97
 97 990.0091824421615 979.479859999998 10.529322442163561 98 98
 98 1000.2080624421615 989.679159999998 10.528902442163485 99 99
 99 1010.4101624421614 999.8828499999979 10.52731244216352 100 100
 100 1020.6184724421614 1010.0843199999979 10.534152442163531 101 101
 101 1030.8185824421614 1020.2808899999978 10.537692442163575 102 102
 102 1041.0183724421615 1030.4843999999978 10.533972442163758 103 103
 103 1051.2152824421617 1040.691199999998 10.524082442163717 104 104
 104 1061.4177924421617 1050.899389999998 10.518402442163733 105 105
 105 1071.617112442162 1061.099569999998 10.517542442163858 106 106
 106 1081.809692442162 1071.2988999999982 10.510792442163847 107 107
 107 1091.9992924421622 1081.5031399999982 10.496152442163975 108 108
 108 1102.2068624421622 1091.7053099999982 10.501552442163984 109 109
 109 1112.4014024421624 1101.9004099999984 10.500992442164033 110 110
 110 1122.6037924421626 1112.1032899999984 10.500502442164134 111 111
 111 1132.8020524421627 1122.3072799999984 10.494772442164276 112 112
 112 1143.0091024421627 1132.5057099999985 10.503392442164113 113 113
 113 1153.2149324421628 1142.7119499999985 10.502982442164239 114 114
 114 1163.415252442163 1152.9179999999985 10.497252442164381 115 115
 115 1173.609522442163 1163.1211199999987 10.488402442164443 116 116
 116 1183.813152442163 1173.3208099999988 10.492342442164272 117 117
 117 1194.0072724421632 1183.5180199999988 10.489252442164343 118 118
 118 1204.2045524421633 1193.7255199999988 10.479032442164453 119 119
 119 1214.4090124421634 1203.934769999999 10.474242442164496 120 120
 120 1224.6019824421635 1214.135839999999 10.466142442164482 121 121
 121 1234.8054924421635 1224.3317499999991 10.473742442164394 122 122
 122 1245.0112224421637 1234.5343399999992 10.476882442164424 123 123
 123 1255.2150424421638 1244.7377799999992 10.477262442164601 124 124
 124 1265.4135324421638 1254.9358199999992 10.477712442164602 125 125
 125 1275.623112442164 1265.1279799999993 10.495132442164731 126 126
 126 1285.8206324421642 1275.3187299999993 10.50190244216492 127 127
 127 1296.0215824421643 1285.5150699999995 10.506512442164876 128 128
 128 1306.2193924421645 1295.7220399999997 10.49735244216481 129 129
 129 1316.4186524421646 1305.9207599999997 10.497892442164812 130 130
 130 1326.6216324421646 1316.11908 10.502552442164642 131 131
 131 1336.8289524421646 1326.316 10.512952442164533 132 132
 132 1347.0204924421646 1336.516 10.50449244216452 133 133
 133 1357.2136724421646 1346.7102300000001 10.503442442164442 134 134
 134 1367.4110524421646 1356.9088800000002 10.502172442164465 135 135
 135 1377.6128824421646 1367.1178800000002 10.495002442164377 136 136
 136 1387.8165024421646 1377.3145500000003 10.501952442164338 137 137
 137 1398.0226424421646 1387.5136300000004 10.509012442164249 138 138
 138 1408.2411324421646 1397.7129600000005 10.528172442164077 139 139
 139 1418.4491924421648 1407.9114700000007 10.537722442164068 140 140
 140 1428.649682442165 1418.1109100000008 10.538772442164145 141 141
 141 1438.841862442165 1428.314380000001 10.527482442164 142 142
 142 1449.035102442165 1438.515720000001 10.519382442163987 143 143
 143 1459.237242442165 1448.7098200000012 10.527422442163925 144 144
 144 1469.4378624421652 1458.9123800000013 10.52548244216382 145 145
 145 1479.6367724421652 1469.1067400000015 10.530032442163701 146 146
 146 1489.8406224421653 1479.3237500000016 10.51687244216373 147 147
 147 1500.0315024421654 1489.5304100000017 10.501092442163781 148 148
 148 1510.2333324421654 1499.7374200000017 10.495912442163672 149 149
 149 1520.4342124421655 1509.9374200000018 10.496792442163724 150 150
 150 1530.6307324421657 1520.141800000002 10.488932442163787 151 151
 151 1540.834732442166 1530.348360000002 10.486372442163884 152 152
 152 1551.037932442166 1540.547800000002 10.49013244216394 153 153
 153 1561.2442824421662 1550.7505500000022 10.493732442163946 154 154
 154 1571.4386724421663 1560.9580200000023 10.480652442164 155 155
 155 1581.6413524421664 1571.1736800000024 10.46767244216403 156 156
 156 1591.8392824421664 1581.3775300000025 10.46175244216397 157 157
 157 1602.0399424421666 1591.5863900000027 10.453552442163982 158 158
 158 1612.2358324421668 1601.7822300000028 10.453602442164083 159 159
 159 1622.4398924421669 1611.9917500000029 10.448142442163999 160 160
 160 1632.642182442167 1622.194550000003 10.44763244216415 161 161
 161 1642.844102442167 1632.399240000003 10.444862442164094 162 162
 162 1653.056272442167 1642.593390000003 10.462882442164073 163 163
 163 1663.2553324421672 1652.804180000003 10.45115244216413 164 164
 164 1673.4567824421672 1663.0070500000031 10.449732442164077 165 165
 165 1683.6495424421673 1673.2069300000032 10.44261244216409 166 166
 166 1693.8462824421674 1683.4014500000033 10.44483244216417 167 167
 167 1704.0490124421674 1693.6152200000033 10.433792442164076 168 168
 168 1714.2583224421676 1703.8123900000035 10.445932442164121 169 169
 169 1724.4688424421677 1714.0197200000036 10.449122442164025 170 170
 170 1734.6640724421677 1724.2176500000037 10.446422442164021 171 171
 171 1744.8639624421678 1734.4167100000038 10.447252442163972 172 172
 172 1755.0579424421678 1744.613280000004 10.444662442163917 173 173
 173 1765.250812442168 1754.820970000004 10.429842442163817 174 174
 174 1775.452622442168 1765.0192500000041 10.433372442163773 175 175
 175 1785.664392442168 1775.2223400000041 10.442052442163913 176 176
