 0 0
 26.24575140722334 1
 50 1
 75.86209085927814 1
 100 1
 126.02719979520315 1
 150 1
 176.9743923454214 1
 200 1
 227.6889030509053 1
 250 1
 275.2721933396023 1
 300 1
 326.4180099999998 1
 350 1
 375.2794601691157 1
 400 1
 426.6589216543786 1
 450 1
 475.2268758271232 0
 500 1
 527.5690357926673 1
 550 1
 575.7572804918716 1
 600 1
 625.4043717633333 1
 650 1
 677.3909455320678 1
 700 1
 726.108631208927 1
 750 1
 775.2551799999987 1
 800 1
 826.2356199999986 1
 850 1
 875.0708418705403 1
 900 1
 925.8197310110784 1
 950 1
 975.0770667147601 1
 1000 1
 1025.170770865549 1
 1050 1
 1077.1900421531732 1
 1100 1
 1126.662613074268 1
 1150 1
 1175.2843690005184 1
 1200 1
 1228.1371681364278 1
 1250 1
 1275.1279799999993 1
 1300 1
 1325.290960851044 1
 1350 1
 1375.1232792730473 1
 1400 1
 1425.654010318283 1
 1450 1
 1477.0861106178686 1
 1500 1
 1527.0563427589066 1
 1550 1
 1578.3451405447593 1
 1600 1
 1626.3019855233695 1
 1650 1
 1679.9283915750966 1
 1700 1
 1727.6769994588994 1
 1750 1
 1775.0192500000041 1
