 0 0
 25.24825958842617 0.975
 50.234730000000006 0.5220125786163522
 75.90100717505878 0.3664011585807386
 100.39313727272727 0.26939655172413796
 125.14700267467892 0.23557237464522232
 150.2263632153128 0.13075780089153047
 176 0.09039087947882736
 200.32763225882496 0.04790874524714829
 225.41433080468272 0.036303630363036306
 250.13493811621677 0.022796352583586626
 277.5129461094257 0.014265335235378032
 300.79313181014635 0.01413760603204524
 325.8547089355129 0.0053475935828877
 351.86969050746615 0.0071633237822349575
 375.19576549852655 0.003137254901960784
 400 0.001984126984126984
 425.7647499999997 0.0017050298380221654
 450.5627325573054 8.264462809917355E-4
 475.3724872727269 8.375209380234506E-4
 501.494381793694 0
 525.1388751660279 0
 550.5884486385464 0
 575.5509906937707 0
 600.153844358182 0
 626.0448072402976 0
 650.5792068633612 0
 676.3068969555173 0
 700.7418190125219 0
 725.5206877347408 0
 751.2605899999991 0
 776.97102542417 0
 800 0
 825.2366701674521 0
 850.1846072727262 0
 876.9429603847022 0
 900.1122751660273 0
 925.3200123577444 0
 950.0328050153468 0
 975.2318856354907 0
 1000.1719106937701 0
 1025.144493830342 0
 1050.7515347757167 0
 1076.5422907750728 0
 1100.0373214941621 0
 1126.2310356261742 0
 1150.2066893654658 0
 1175.4654965193017 0
 1200 0
 1225.5682170004711 0
 1250.8475827485345 0
 1275.0856751660274 0
 1300.2461311938223 0
 1325.0738752172297 0
 1350.2118956567576 0
 1375.065749488955 0
 1403.4423320066862 0
 1425.874014508392 0
 1451.2781038645473 0
 1476.2961206718892 0
 1500.4314170436328 0
 1525.59990433053 0
 1550.2223783098543 0
 1576.2903316063484 0
 1600 0
 1626.7125687804287 0
 1650.3107677018104 0
 1676.4684185683323 0
 1700.033221184283 0
 1726.4476475054537 0
 1750.2799906937705 0
 1776 0
 1801.4854605152873 0
 1825.5016894081361 0
 1850.8301671298962 0
 1876.4996558580274 0
 1901.0853533288007 0
 1925.4933758580273 0
 1950.9989570993225 0
 1975.3799982379944 0
 2000 0
 2025.4367677018101 0
 2050.966742355465 0
 2075.1936512661246 0
 2101.9757350119166 0
 2125.2993961744924 0
 2150.1906498003004 0
 2175.627773652581 0
 2202.801895858031 0
 2227.215729060095 0
 2250.780847283992 0
 2275.3130665286835 0
 2300.437073934191 0
 2329.261647397633 0
 2350.8422535912036 0
 2375.463509158077 0
