 0 1 10
 0.004246735166670577 1 1
 0.18125221083004167 0.875 8
 5.248894605314981 0 2
 5.316403643349512 0.1111111111111111 9
 5.40961426621611 0 8
 5.663182238923055 0.14285714285714285 7
 6.1904723154299415 0.21212121212121213 33
 7.243735931373983 0.13953488372093023 43
 8.185065707638394 0.15384615384615385 13
 8.849215944818257 0.2 5
 9.460469670506093 0 1
 10.51246672915064 0 11
 10.539345008219895 0.08823529411764706 34
 12.92285921050018 0.0547945205479452 73
 13.744710899162628 0.11764705882352941 17
 14.958784700703706 0.1875 16
 17.748203410139524 0.3333333333333333 3
 19.52488316440733 0.03669724770642202 109
 19.581117198126268 0.075 40
 19.847323040088455 0 26
 21.47226808726003 0.034482758620689655 29
 21.734076841169614 0.07692307692307693 26
 23.034677478402738 0.03225806451612903 31
 23.201217616268092 0 4
 23.258920708873195 0 8
 23.887224074982782 0.07692307692307693 13
 24.918476724929548 0 2
 25.24825958842617 0 10
 25.37173034137339 0 47
 28.92147277303629 0 3
 30.02369514210913 0.029411764705882353 34
 31.272395529382724 0 25
 31.878628526126548 0 12
 36.45403840014444 1 1
 36.61941143173055 0.42857142857142855 7
 37.846643598434575 0.49038461538461536 104
 37.92312189490974 0.5277777777777778 36
 39.17886257126506 0.375 8
 39.93002930969003 0.4827586206896552 29
 45.16714741951505 0.35 20
 46.20476990209067 0.5 26
 46.43135735012033 0.4 5
 47.58474040205074 0.5 4
 50.379407725496584 0.3333333333333333 3
 50.71795297221638 0.3548387096774194 31
 52.46382112059559 1 1
 52.59813931769194 0.46153846153846156 52
 53.16773140317048 0.6666666666666666 3
 53.92253117178996 1 1
 54.07739990106153 0.54 50
 56.641522899801416 0.45 20
 60.27537779891207 0 1
 60.7576158193161 0.5675675675675675 37
 60.80174399479885 0 1
 61.50581089780373 0.4411764705882353 34
 64.30419683464198 0.6666666666666666 3
 65.92449793835597 0.5789473684210527 19
 66.86446052314714 0.75 4
 69.88224297560151 0.5897435897435898 39
 73.36590034708962 0.7 30
 75.90100717505878 0.6388888888888888 36
 76.05938233634116 0.6470588235294118 17
 76.49598990453298 0.6571428571428571 105
 77.82420975279346 0.4 5
 79.02305963131101 1 1
 80.03758499790607 0 1
 81.97750535191378 0.5 2
 81.9978954676234 0.6666666666666666 3
 85.52122232009025 0.6981132075471698 53
 87.45438011521287 0.7272727272727273 11
 87.7380901317093 0.5555555555555556 18
 87.74151096720244 0.5714285714285714 7
 89.65945402725893 0.42857142857142855 7
 91.75551367925166 0.6666666666666666 3
 92.75735816515208 1 1
 92.88428303958447 0 2
 93.93343004670047 0.7222222222222222 18
 96.39259380250033 0.8260869565217391 23
 98.23213182903696 0.7727272727272727 22
 98.79678735310985 0.7837837837837838 37
 99.5062257288015 0.6190476190476191 21
 99.67730132408755 0.7857142857142857 14
 99.78630495824147 0.3333333333333333 3
 101.51201180238132 0.8076923076923077 26
 103.55846086273195 0.875 8
 106.27532378879201 0.6607142857142857 112
 109.66222296765692 0 1
 110.81412569558853 0.7307692307692307 26
 111.63292618181634 0.8 5
 113.62829393507161 0.7142857142857143 7
 115.31092562348266 0.5833333333333334 12
 117.89462362385433 0.6 10
 117.99740781066865 0.6216216216216216 37
 119.12107450793282 1 1
 119.70628316038781 0.71875 32
 120.09039372830131 0.8823529411764706 17
 120.25407079268666 1 5
 121.69200436289357 1 2
 122.67757335256735 1 1
 122.73879349715496 0.68 25
 125.14700267467892 0.6666666666666666 6
 126.35317454014766 0.8148148148148148 27
 127.44458411090491 0.6666666666666666 15
 129.65733106917273 0.8333333333333334 6
 129.7376144281476 0.5 6
 130.97507206568764 0.5 2
 131.01453037157307 0 1
 131.94745385414234 1 3
 132.39466779807265 1 1
 132.57850626988665 0.8571428571428571 7
 133.17204961309344 0.82 50
 133.20662459699403 0.8723404255319149 94
 133.2802880973244 0.9285714285714286 14
 135.03015502705782 0.7947019867549668 151
 136.98937952272425 1 2
 139.48155599697054 0.9166666666666666 12
 140.13037283259706 0.8 5
 141.12342946941092 0.9285714285714286 28
 142.2697939748217 0.84 25
 142.3483336671244 1 4
 145.85497034616841 0.9 80
 146.54053217831878 0.8333333333333334 24
 147.08606782315024 0.625 8
 147.7928351503101 0.9210526315789473 38
 148.71286824357702 0.8333333333333334 6
 148.96908503540124 0.5 2
 149.4929874284588 1 8
 150.29515745332466 1 8
 151.06287312039242 0.8571428571428571 7
 155.1073435006966 0.9166666666666666 144
 156.07966293358163 0.8839285714285714 112
 156.35172222951238 1 1
 158.1479554401711 0.8723404255319149 94
 158.30805565373888 0.8333333333333334 6
 158.66071520528357 1 2
 159.41921664479577 1 2
 161.69708057478024 0.6666666666666666 3
 163.52138194574036 1 9
 163.81792773475212 0.8571428571428571 7
 164.58203665456537 0.9615384615384616 26
 166.5010939716744 0.6666666666666666 9
 168.66923573306315 1 5
 170.71999057914488 1 19
 171.0121321295553 0.8611111111111112 36
 171.50700476048576 0.3333333333333333 3
 172.7919697059085 0.9195402298850575 87
 173.15244354558274 0.95 20
 173.49998704723234 1 3
 174.04371618476858 0.9302325581395349 43
 174.28266135051894 0.7857142857142857 14
 177.25483869290125 0.8372093023255814 43
 177.5352422320417 0.8833333333333333 60
 181.29082354599163 1 2
 181.39030880990467 0.875 8
 181.9786376047668 1 1
 183.18926712585488 1 4
 183.75239989756395 1 2
 184.17726412114516 0.9555555555555556 45
 189.72005341870477 0.9024390243902439 41
 189.82720878619062 0.9081632653061225 98
 190.6474100372695 1 1
 191.23085430823994 0.8095238095238095 21
 191.31844459954738 1 2
 193.42102055993382 1 6
 195.40573535989884 0.8666666666666667 15
 195.54285323334247 1 5
 195.7505565972489 0.9111111111111111 90
 196.1416018511219 1 6
 198.26122996128146 0.9285714285714286 70
 198.32278814326565 1 5
 201.27376651416031 1 1
 201.7298219925006 1 5
 202.58224197668534 1 11
 202.6810595894979 1 9
 202.76251490090337 0.9606299212598425 127
 203.54658317182978 1 6
 204.22288166461416 1 5
 204.78917647972438 1 19
 205.0297849009685 0.9444444444444444 18
 206.06144728401716 1 7
 206.4942602468609 1 1
 206.514651649634 0.8333333333333334 6
 208.02294859027228 1 2
 209.12237287041714 1 30
 213.57902253496596 1 14
 214.2150160276812 0.9523809523809523 21
 218.2453415011428 1 53
 218.62911886360507 0.875 8
 220.2811880226339 0.8958333333333334 48
 223.12692964221768 1 1
 223.3550869407978 0.96 25
 223.41094909253053 1 5
 223.6005160258313 0.961038961038961 77
 225.41433080468272 0.9375 16
 226.23800661023688 1 10
 228.85307363743487 0.95 40
 229.04515315295583 0.9166666666666666 12
 229.80341217537253 1 5
 230.51171162041987 1 10
 230.60012980625336 1 1
 231.33865107624584 0.9230769230769231 13
 233.21907177745084 0.9411764705882353 17
 233.95862463861965 1 3
 234.3216012229299 1 6
 235.82714057954695 0.9090909090909091 11
 236.0413300843165 1 13
 240.62216921647703 1 5
 241.08663972408996 1 15
 243.07293178651855 1 4
 243.19984102595285 1 9
 244.1096894526386 0.6666666666666666 3
 244.65308351035304 1 1
 245.70842998366874 0.9047619047619048 42
 246.7706419284779 0.990909090909091 110
 248.41664853162015 0.7142857142857143 7
 250.14460177916956 1 2
 250.2820420959165 1 3
 250.87413812410307 1 2
 251.2887259618445 1 12
 251.38152084038845 0.9789473684210527 95
 253.12418707706567 0.96875 32
 254.17998069825467 0.9615384615384616 26
 255.08167992672963 1 4
 255.45252325159805 1 5
 256.6886947937452 1 4
 258.2892343272721 1 20
 260.30600299019153 1 17
 261.4227309740703 1 1
 261.54790421749357 1 5
 261.8565487941759 0.9629629629629629 27
 264.24632786927765 1 21
 265.0901640929394 1 2
 266.40616793059337 1 8
 266.5289385349398 1 15
 269.4149301821446 0.98 200
 272.3941698232346 0.9642857142857143 28
 273.2116206413304 1 28
 273.834726041172 1 11
 274.33650232731776 1 18
 274.7625286441055 1 11
 277.5129461094257 1 14
 278.5078534015124 1 12
 278.66203380291955 0.9615384615384616 26
 279.4305704815339 1 1
 282.4207923386344 1 6
 282.7518670812906 1 36
 283.2744089162213 0.972972972972973 74
 284.11941700936524 1 8
 284.3245237412628 1 13
 285.3963666539872 1 6
 285.4722646700531 1 5
 285.72302002191145 1 5
 288.16337681149133 0.9 10
 291.17026968002654 0.9818181818181818 55
 291.36213370818587 1 6
 292.4639852830058 1 9
 292.59230154673054 1 13
 297.7370428876926 1 44
 297.95353979631324 1 10
 300.79313181014635 1 2
 304.77691636310374 0.972972972972973 37
 306.09601870983414 1 5
 306.58409523303203 0.9523809523809523 21
 306.60898569526796 1 31
 307.5119515021824 0.9387755102040817 49
 307.73304466354693 1 50
 307.8890755623652 1 22
 308.43814812957703 1 37
 308.9827428957164 1 4
 312.4730527405147 0.9361702127659575 47
 312.94171463383503 1 8
 314.4525683361622 1 16
 315.7418048042108 1 14
 316.5470894896625 1 1
 317.94785417944615 1 8
 318.68527178874496 1 20
 319.89160662027564 1 24
 324.0907475171592 1 3
 325.8547089355129 1 200
 326.5633221540677 0.9803921568627451 51
 331.20372542472694 1 18
 335.1616877914244 1 5
 338.93137244984075 1 2
 339.4460934044249 1 14
 340.05580892497 1 71
 340.31584161878106 1 3
 340.35669687591906 1 1
 342.05113260180894 1 12
 342.9735792131178 0.9285714285714286 14
 343.4660740117378 1 71
 344.84290752792896 1 6
 345.1870316893304 1 14
 346.4655137494704 1 24
 346.78722309984425 1 6
 346.9233345692839 1 1
 347.63532606943255 1 94
 349.32839263463086 1 4
 351.86969050746615 1 200
 352.0493942381704 0.6666666666666666 3
 354.9372073343736 1 5
 358.48076711786246 1 1
 361.1314997774882 1 2
 362.3209825122047 1 13
 362.98082885347645 1 9
 363.44565813446417 1 12
 364.66966369709877 1 11
 367.9045914811501 1 20
 368.3948961172936 1 6
 371.3684279210588 1 36
 372.34430984587596 1 1
 373.3802338921682 1 52
 374.03890534271176 1 7
 374.344455259023 1 16
 375.19576549852655 1 43
 375.7268920886237 1 1
 376.18757100571867 1 1
 376.22871181916827 1 2
 378.5054739938014 1 19
 383.22925333181126 1 2
 383.4561767280066 1 13
 384.0295422731302 1 10
 385.06064373824444 1 15
 385.4034138697207 1 29
 387.8412019090617 1 11
 388.62150077792705 1 16
 388.80490012666417 0.9772727272727273 44
 389.40605548968375 1 12
 389.56231714721724 1 18
 391.6015136125403 1 31
 392.883217021033 1 20
 393.64177751877696 1 33
 394.1556771240732 1 4
 395.77378716189776 1 64
 396.98384127355155 1 30
 401.94293719664256 1 10
 403.02755157344643 1 14
 403.5232978526935 1 2
 407.24947544384895 0.98 50
 407.3077388852175 1 20
 408.96109305306345 1 4
 408.96157780734427 1 29
 411.48983083829535 1 20
 412.754152824051 1 9
 413.0859105620416 1 14
 416.00024706814884 1 14
 416.47657573307123 1 19
 416.7099309810868 1 4
 416.9167993706736 1 9
 418.399030616049 1 35
 418.42141897438887 1 12
 420.2875931152068 1 14
 420.8949331819389 1 18
 424.1084670342851 1 29
 424.6422214505232 1 13
 427.23872452251516 1 47
 428.28718002569406 1 22
 429.10002972180956 0.875 8
 429.5171284368793 1 3
 430.4727968655675 1 10
 431.6454991352369 1 44
 432.03584893308044 1 9
 432.25960062760356 1 30
 432.7371638699178 1 1
 432.7803558818696 1 13
 433.3953105937721 1 22
 433.6876689893836 1 12
 436.3889746555255 1 21
 436.7722479448534 1 12
 438.6464015117093 1 3
 439.1185209859598 1 48
 439.14777945350295 1 35
 439.66820404175047 1 18
 440.17507145553606 1 4
 442.39808183331706 1 19
 443.28793171327305 1 7
 444.21063604535493 1 7
 444.78927030851065 1 40
 445.8361220024519 1 39
 446.09540613785373 1 18
 446.4931703827147 1 12
 447.4637704286167 1 48
 448.3912090121984 1 7
 448.8426262357612 1 162
 449.1666659289343 1 24
 450.5627325573054 1 109
 452.9299810788592 1 1
 454.14499546224323 1 133
 454.76070077861493 1 24
 456.6331120820097 1 6
 459.35160142271087 1 46
 461.134253324981 1 43
 466.97332026906525 1 81
 467.14076289039747 1 117
 468.5697933350225 1 19
 468.76172437099586 1 13
 470.3672686702099 1 29
 470.8071160313671 1 2
 471.3814965404053 1 16
 471.9884083473604 1 14
 472.37585618659494 1 22
 473.8331337344138 1 4
 474.8475424549942 1 1
 475.4290348910637 1 26
 476.4149060881688 1 9
 477.05663522155885 1 36
 479.2370839674864 1 13
 480.66852492963574 1 11
 482.62497535386774 1 12
 482.7356022130137 1 1
 483.5108049656665 1 31
 483.891658814197 1 4
 483.9767965656043 1 7
 484.13752705492965 1 9
 484.1389889217431 1 4
 484.4704948628402 0.9938650306748467 163
 487.3897571249575 1 34
 487.94105099253784 1 1
 492.1388185409587 1 1
 493.49141923356365 1 4
 495.96402882630747 1 10
 496.27540494877496 1 1
 496.9059944966181 1 3
 497.20982709434986 1 19
 498.34669388826137 1 13
 498.50360174881706 1 32
 498.94824776156 1 58
 499.29522233504116 1 9
 499.90898525782694 1 78
 501.494381793694 1 5
 502.8542759301102 1 6
 504.9941977442082 1 10
 505.36472262598545 1 1
 506.90448503390235 1 8
 508.84714425262433 1 32
 509.72387701784066 1 86
 510.18730067422484 1 6
 511.41234519083974 1 76
 512.4770794180746 1 6
 512.7083389528872 1 1
 514.9578388907074 1 31
 516.2842757242009 1 5
 517.7444206159776 1 110
 518.4980656337424 1 20
 518.7082286862094 1 15
 518.9099505662392 1 15
 519.7284119760967 1 63
 520.9532651089582 1 21
 521.0243379715748 1 22
 524.0781210987645 1 7
 525.1978335902174 1 30
 525.5233956594853 1 10
 525.6259559691082 1 17
 528.9038713092876 1 1
 528.9115398740315 1 1
 532.0906237913634 1 3
 532.5996487325974 1 3
 533.1903433730445 1 15
 533.4243035010256 1 4
 533.6195966315541 1 5
 534.073355410139 1 52
 535.326186665079 1 33
 536.2855929794637 1 4
 536.3787518782704 1 3
 537.756032716428 1 1
 540.8368078324914 1 78
 541.2153035020241 1 13
 547.056258141962 1 6
 550.5884486385464 1 2
 551.4061536657877 1 12
 554.5707044060003 1 1
 555.7850458753887 1 12
 557.3240790334079 1 33
 559.0251140251306 1 1
 559.1030054323043 1 62
 565.3135175206509 1 14
 565.9862832318095 1 15
 567.3125609595728 1 200
 567.6029526602839 1 94
 568.1296600437154 1 3
 568.143012772614 1 30
 568.8728688812636 1 2
 569.6517427489155 1 56
 570.0575645194035 1 2
 570.3561995908262 1 25
 572.287234197713 1 6
 572.360975964259 1 15
 572.751661173917 1 2
 572.8368432534664 1 26
 576.2642517233858 1 14
 577.2328331325316 1 1
 579.2319942519393 1 200
 581.9338478679709 1 21
 582.1314085288113 1 1
 582.747110205378 1 24
 584.6570851992408 1 29
 587.5362701398502 1 6
 588.379690889139 1 41
 591.5746562213209 1 25
 591.5925635318501 1 12
 592.9072290954747 1 7
 594.2242570695443 1 191
 598.7335337847813 1 24
 600.153844358182 1 2
 600.8514685202952 1 13
 601.5726125097541 1 14
 601.8058747464057 1 3
 602.6815285426651 1 46
 608.0043799786059 1 17
 608.3398348485109 1 96
 608.4658555349287 1 18
 608.6803542202862 1 28
 609.6176438510913 1 3
 610.4088879280238 1 44
 612.3333401617186 1 14
 613.2802518223145 1 18
 613.4366832730398 1 14
 614.2419804286883 1 1
 615.9692459312863 1 29
 617.4812574450568 1 19
 618.1380060982323 1 4
 622.2523563923086 1 7
 623.0480099242757 1 10
 623.1251660125321 1 1
 626.0448072402976 1 2
 626.079384334977 1 3
 629.0197226705096 1 15
 631.6350535106682 1 7
 634.6030527155393 1 14
 637.4227407733841 1 20
 637.6348961202758 1 24
 640.5504917404576 1 67
 643.2153503629382 1 16
 643.3797167743646 1 13
 643.5551619575358 1 11
 645.0714404964918 1 2
 645.7714714255909 1 17
 646.414331668232 1 30
 647.6688105980514 1 3
 647.7642166500558 1 55
 650.5792068633612 1 4
 656.4717560042554 1 18
 657.9214921049216 1 1
 658.076531360863 1 21
 658.4352660612225 1 25
 659.4076937016886 1 2
 660.7956172503843 1 88
 661.2493810713382 1 38
 661.9913126131482 1 47
 662.605615467939 1 12
 663.4478942237031 1 18
 663.7281199670057 1 134
 663.8151371128051 1 7
 664.478261184691 1 8
 667.2195973447224 1 32
 668.075695951044 1 23
 670.6141347327633 1 138
 671.1858478222092 1 2
 674.4531440001847 1 14
 676.3068969555173 1 52
 676.6402069537056 1 20
 679.5889795156543 1 2
 679.9795950753896 1 4
 680.2547254342184 1 14
 680.7613609319584 1 3
 682.6441792217867 1 55
 685.1043061634241 1 11
 685.1313091846237 1 2
 688.4217848732312 1 21
 691.5007963293608 1 5
 691.8424948131366 1 11
 692.7856083093232 1 3
 693.0865702815119 1 18
 695.1607367566709 1 9
 696.0723687825074 1 17
 700.7418190125219 1 14
 708.4227313697162 1 4
 709.1079899109699 1 9
 709.3587131924438 1 20
 710.9504033834462 1 10
 710.9851322811724 1 19
 711.9851863375128 1 3
 712.7260500867769 1 162
 714.2300870025415 1 7
 714.7164498759321 1 28
 719.8548505781671 1 18
 720.1784243509925 1 1
 720.2469550579456 1 14
 721.7856562175477 1 6
 722.6916210807528 1 2
 723.1227134024282 1 126
 723.1951079505417 1 13
 723.2553381693181 1 3
 725.5206877347408 1 4
 726.6736316329998 1 43
 728.1616321117918 1 2
 729.3761633978351 1 16
 729.3968453040382 1 14
 731.8025928426925 1 100
 733.1521001010356 1 3
 733.7965485604918 1 8
 737.1530323107947 1 4
 738.8243401879498 1 41
 739.0740936382274 1 10
 740.1845545157896 1 16
 741.0437476131606 1 3
 741.0877929223369 1 17
 741.2336797557358 1 59
 741.676250328194 1 1
 741.7413771095585 1 5
 742.5498314540903 1 15
 744.7997372034027 1 9
 747.3404931681106 1 9
 748.0616522836547 1 26
 748.8589389855215 1 18
 749.3812404135828 1 13
 753.4001883412778 1 5
 754.6226449265178 1 12
 755.5301096504968 1 27
 760.5746901442204 1 29
 761.5023419151898 1 10
 762.7301292598345 1 8
 763.0377068322482 1 23
 767.5638559718117 1 119
 772.4869346056838 1 17
 773.3725791115047 1 1
 776.97102542417 1 24
 778.6557358016352 1 19
 778.6639525098977 1 6
 782.6989868758715 1 24
 786.0203283116965 1 4
 786.7658796044725 1 16
 786.8551180078255 1 5
 792.0879598863746 1 50
 792.3915961981563 1 4
 793.9480160111135 1 23
 794.5045564984313 1 11
 795.1153955495283 1 9
 800.8248808269741 1 4
 800.9497120388338 1 3
 801.7734518869975 1 11
 801.8204564828617 1 5
 808.0570650379992 1 28
 808.6153507225675 1 6
 809.441020621638 1 1
 811.025875329748 1 6
 811.9397960882484 1 8
 817.2330960873502 1 11
 818.0242170368388 1 5
 818.617145355802 1 1
 819.9908870773108 1 9
 823.2697356391991 1 15
 823.7666285932294 1 5
 825.2366701674521 1 11
 826.793859710301 1 66
 828.8591141030873 1 7
 832.927982835542 1 7
 834.0997596081016 1 6
 834.1509974516237 1 50
 834.4682111229738 1 1
 836.7294817787899 1 16
 837.630018517902 1 12
 839.4727990852372 1 12
 841.913098344914 1 7
 844.2997674445113 1 13
 844.7027551816552 1 1
 846.829638901362 1 10
 847.1945312075843 1 47
 847.7198503282792 1 5
 849.6524005992173 1 1
 852.4027295096672 1 12
 855.1979266268571 1 94
 858.6114425771476 1 27
 861.0243002237982 1 56
 862.1083528348817 1 9
 862.7345534528124 1 13
 863.4168526171964 1 28
 865.2311055940834 1 20
 865.2643093941184 1 1
 866.2362726832979 1 38
 866.3047601734755 1 18
 868.1317599421022 1 13
 870.8537312482538 1 8
 872.0630443835438 1 1
 873.1474644702331 1 185
 876.9429603847022 1 3
 878.1099008995743 1 13
 881.4881080009607 1 17
 883.1501464280415 1 1
 883.1958611565485 1 4
 884.7335553768586 1 1
 885.7448823306421 1 28
 886.5650709089448 1 8
 890.3414197204352 1 18
 892.870329390354 1 2
 894.3533734248277 1 19
 894.7937832836392 1 23
 895.3795870272296 1 22
 896.0156489520353 1 11
 896.8260310912037 1 200
 898.0711426712851 1 13
 898.1631392005895 1 5
 899.3435861527558 1 10
 900.9038161817818 1 1
 901.6377697222432 1 10
 902.28106258124 1 1
 904.5852378472131 1 64
 910.8019963837345 1 3
 911.5722298773678 1 9
 913.0590579701129 1 13
 913.2076220379809 1 27
 913.4178280742188 1 4
 913.62337810412 1 11
 915.2542106832791 1 1
 917.7411495916672 1 26
 918.2762870035344 1 5
 919.9453658623249 1 9
 920.649998521189 1 2
 921.3988139186595 1 1
 922.3524293310401 1 27
 923.2028736529677 1 1
 924.4076104001005 1 84
 925.3200123577444 1 1
 930.8616634493663 1 24
 931.2775602203122 1 2
 931.5344463397254 1 15
 931.6944535148538 1 51
 931.8267317049277 1 7
 932.2880618883504 1 2
 933.8604615860146 1 1
 935.3762454729767 1 3
 936.2112425086318 1 20
 936.9452399490089 1 26
 938.0736580549262 1 3
 938.6415895014718 1 31
 939.6132259187577 1 3
 946.7815118267114 1 23
 947.7667330015842 1 12
 947.918062997954 1 10
 949.3729144981587 1 1
 949.66919059559 1 3
 949.8857132705084 1 14
 950.6333775244706 1 56
 950.6470905144292 1 15
 951.8999826060751 1 14
 952.2449584592414 1 89
 953.9289392136325 1 12
 955.4483686885796 1 18
 956.4811949315658 1 12
 962.611856475233 1 200
 962.6269699656922 1 105
 963.796074644345 1 7
 966.0674299111058 1 43
 966.2783536676163 1 9
 968.0340479957694 1 9
 968.0844967592293 1 5
 971.664163293512 1 4
 972.6365659250997 1 11
 973.5030524185506 1 4
 973.694233620085 1 3
 975.2318856354907 1 9
 976.3814110472244 1 3
 981.1579491208846 1 47
 983.0448918471701 1 1
 983.8351058341683 1 20
 983.8938021981172 1 4
 985.9026267272718 1 1
 986.153553179615 1 12
 987.6160405478465 1 3
 988.2947064580625 1 20
 989.981124331399 1 101
 990.3525207626997 1 6
 990.507688455319 1 10
 992.0320709142185 1 18
 993.7624412155618 1 1
 999.1521431887148 1 33
 1000.2626689078071 1 8
 1001.1895180076607 1 4
 1001.6388108355587 1 26
 1001.8614248692304 1 3
 1002.1830135234117 1 1
 1002.5669571930881 1 29
 1008.2742826939117 1 13
 1008.2919485084494 1 5
 1011.4014129822943 1 4
 1013.0013309609212 1 5
 1014.2920491237118 1 9
 1022.096619948895 1 97
 1024.8291537715468 1 2
 1025.144493830342 1 17
 1025.9268963227987 1 46
 1030.1655705806902 1 1
 1030.700198931227 1 5
 1031.0375845377155 1 13
 1031.1317693988567 1 74
 1032.1094042766829 1 6
 1033.6456273358165 1 11
 1035.6275986092176 1 8
 1039.3677848161626 1 8
 1040.9315853886762 1 3
 1043.377367633815 1 6
 1044.4339579684054 1 3
 1044.931726522767 1 4
 1046.447889327254 1 11
 1047.321336139833 1 57
 1050.7515347757167 1 20
 1050.8075284635913 1 22
 1051.0803814405174 1 5
 1051.9279543788953 1 40
 1053.2159291890787 1 5
 1054.8035311024669 1 32
 1054.8585885576526 1 5
 1056.8988357255885 1 62
 1057.309706676798 1 8
 1063.6978124759544 1 1
 1064.8792222642758 1 20
 1066.6535787631042 1 43
 1066.9122230408855 1 22
 1067.3796164572393 1 5
 1067.382072814877 1 25
 1069.5492602487532 1 14
 1072.1020974147718 1 5
 1072.7622650469532 1 10
 1073.0147306258089 1 13
 1073.6734920529025 1 8
 1074.7381334840081 1 5
 1076.5422907750728 1 7
 1077.899920072863 1 2
 1078.4833142727484 1 31
 1081.8105545067558 1 48
 1083.2554761226409 1 29
 1086.4803198373672 1 9
 1087.153477317301 1 4
 1087.3260118647422 1 13
 1088.5744884524004 1 13
 1089.4459189930765 1 8
 1089.5147623222267 1 13
 1090.1764973573256 1 15
 1092.965973878715 1 17
 1094.2420953465662 1 6
 1095.347263451707 1 15
 1097.0515061503938 1 25
 1098.1268232154814 1 171
 1098.5656116664939 1 1
 1099.2553249819293 1 21
 1100.0373214941621 1 14
 1100.8796429873923 1 10
 1102.8290246778836 1 17
 1103.329771356934 1 35
 1105.594533976953 1 4
 1106.5098795023982 1 62
 1107.2125987101035 1 12
 1108.0970969514215 1 31
 1109.5709377504124 1 2
 1109.823650598602 1 19
 1114.526637043176 1 10
 1114.8760230864243 1 19
 1116.8317029901225 1 1
 1119.1262775264963 1 6
 1119.2209818253289 1 1
 1119.2370093746927 1 4
 1119.4276463056824 1 27
 1120.7295846422517 1 1
 1120.926226049141 1 26
 1126.2310356261742 1 7
 1127.2178242328666 1 37
 1128.7025029636382 1 3
 1129.9075890024185 1 22
 1131.6292480237519 1 7
 1132.4352964187306 1 10
 1132.6482179980223 1 21
 1134.9814838507962 1 2
 1135.6583057291998 1 1
 1137.4886445649054 1 3
 1137.886373014679 1 13
 1138.672539448105 1 6
 1139.8531238179735 1 40
 1142.3093161410852 1 67
 1142.4117127172171 1 3
 1142.4868220998915 1 59
 1142.990927998191 1 2
 1148.760842953789 1 4
 1149.4004623017283 1 1
 1150.2066893654658 1 17
 1152.6407694914813 1 4
 1155.1891945617162 1 2
 1155.649030098945 1 62
 1155.9641589987393 1 22
 1156.3330221201952 1 11
 1158.1453508889458 1 3
 1158.2616884734366 1 4
 1159.3708753560718 1 39
 1162.5382868253607 1 9
 1163.42801768695 1 7
 1164.7630287269874 1 200
 1164.957012796546 1 15
 1166.5615569399256 1 7
 1167.9822699629647 1 81
 1170.727292168394 1 175
 1172.737578977269 1 2
 1173.479301983561 1 9
 1175.7880819109648 1 22
 1175.9082064554623 1 1
 1176.0035253361957 1 4
 1178.0872340832111 1 13
 1179.6838468894484 1 9
 1180.088922507785 1 3
 1181.4827973541098 1 4
 1186.0139995172838 1 127
 1188.896882594085 1 14
 1189.443433063326 1 88
 1190.299311377962 1 8
 1191.0843781973565 1 9
 1193.9562608303954 1 7
 1194.9891304256319 1 4
 1198.8968559131567 1 3
 1200.266871380678 1 12
 1200.6691193075048 1 2
 1205.648104852919 1 132
 1208.1655497745696 1 6
 1212.8624165242727 1 18
 1213.2835126773325 1 5
 1215.2612802427554 1 1
 1218.7939029819593 1 4
 1220.6959917838524 1 23
 1223.3088206019902 1 74
 1223.5463030501587 1 11
 1226.5224942071738 1 1
 1229.2120422417288 1 7
 1230.6472069452611 1 34
 1232.1441640734379 1 6
 1233.417697018346 1 13
 1233.5036706322796 1 2
 1234.1303016905083 1 1
 1234.5099339547878 1 1
 1236.0122777389768 1 32
 1236.892808419756 1 6
 1237.1539994218458 1 5
 1238.1199142953255 1 120
 1238.147024612727 1 20
 1238.9362420619714 1 6
 1239.2772271579072 1 1
 1240.5906141868477 1 59
 1243.6124084178566 1 22
 1247.4663684389543 1 3
 1250.8475827485345 1 21
 1253.9848319380924 1 11
 1255.1436625921135 1 1
 1256.149860520886 1 65
 1256.478170987756 1 5
 1256.5528834307468 1 12
 1256.624343366043 1 7
 1258.826271206778 1 6
 1260.4776846006225 1 8
 1262.8338389523033 1 20
 1263.493750978192 1 55
 1264.647802902019 1 2
 1267.1085401507892 1 11
 1268.8470388787525 1 50
 1270.1200902587473 1 9
 1271.2255531212063 1 13
 1273.1715570727342 1 9
 1273.6821959457109 1 8
 1273.7665021854561 1 96
 1274.3815435117847 1 26
 1278.1605947746032 1 23
 1279.712327418422 1 2
 1284.274045384558 1 8
 1285.1283088152709 1 1
 1285.5977030194422 1 11
 1287.4580854082756 1 18
 1287.7111828922014 1 2
 1288.5543630379311 1 18
 1292.0096598524844 1 5
 1292.0455940950483 1 7
 1292.99337422856 1 2
 1294.5069556144028 1 43
 1299.3723012618457 1 36
 1299.693332692202 1 30
 1299.8207220988759 1 9
 1300.2461311938223 1 5
 1302.6038602983203 1 8
 1304.7193323983047 1 9
 1305.4495994250333 1 33
 1306.0591562362547 1 9
 1306.1551853420517 1 2
 1307.0852363692975 1 2
 1307.9360614419127 1 3
 1308.174173626769 1 5
 1308.6359398666805 1 7
 1311.636009252364 1 4
 1314.2939495989997 1 1
 1315.0249425137522 1 48
 1315.402572249057 1 9
 1315.423953730389 1 6
 1317.0503205974667 1 7
 1317.3080792348355 1 40
 1318.4306856215142 1 2
 1320.2480304400258 1 7
 1321.5326744783042 1 1
 1321.8351164786368 1 185
 1325.0738752172297 1 8
 1325.0858059928346 1 9
 1325.325749395026 1 5
 1325.9867136526414 1 22
 1327.695915660385 1 1
 1329.196271596382 1 15
 1329.4237060659702 1 15
 1329.685072864948 1 33
 1330.5643923283733 1 6
 1332.2406415995838 1 12
 1332.243159949092 1 6
 1332.3489249837141 1 6
 1332.8051008962325 1 28
 1332.8692819246364 1 79
 1333.7906369130221 1 3
 1335.6742915565687 1 16
 1336.4501316123124 1 6
 1336.5462765867437 1 2
 1336.6436437299417 1 14
 1336.9719542019354 1 3
 1339.4874096139645 1 6
 1339.5996124814287 1 1
 1343.0329575226353 1 2
 1344.1120124428637 1 14
 1344.1525008873823 1 14
 1344.18263995159 1 2
 1344.262485372284 1 1
 1345.3780968886313 1 22
 1346.7658021913733 1 39
 1347.2535033497566 1 6
 1347.576569176039 1 7
 1348.518716215916 1 6
 1349.2825574067763 1 1
 1349.4440609842643 1 27
 1350.2118956567576 1 1
 1350.2437801338685 1 15
 1350.893924377745 1 29
 1352.4213905012823 1 1
 1352.8039752854024 1 28
 1352.8955974886517 1 4
 1354.6819321870744 1 35
 1356.7442167088166 1 13
 1357.5856700774596 1 2
 1358.6379581436602 1 52
 1358.9069816152592 1 2
 1359.0145387149948 1 1
 1359.631268828454 1 3
 1359.8450592496933 1 5
 1361.617466227565 1 49
 1362.436705274281 1 2
 1362.8880087030525 1 31
 1363.6652935700363 1 9
 1364.3044214947518 1 11
 1366.3012962884068 1 63
 1367.686476798176 1 6
 1368.0757147238082 1 22
 1369.2979752016934 1 136
 1369.695213555293 1 1
 1370.1512148030279 1 9
 1373.191703805973 1 25
 1374.1776462179625 1 9
 1374.5298648716093 1 30
 1374.8891409780006 1 9
 1375.7012566974788 1 6
 1376.6314831581492 1 13
 1376.6437054941573 1 4
 1379.4191003061508 1 18
 1380.7529158724149 1 157
 1380.910558355267 1 122
 1381.625858618792 1 13
 1381.7212069852485 1 49
 1383.7212657467371 1 1
 1386.699476731058 1 5
 1388.1428754377857 1 31
 1388.8111422459035 1 2
 1391.8884834142855 1 32
 1393.2825144826656 1 11
 1396.5634326151062 1 10
 1397.6770456152897 1 102
 1399.2613865255018 1 12
 1404.048183393997 1 18
 1404.2400811194561 1 4
 1405.8268915339995 1 11
 1406.9586873688888 1 80
 1409.0623997062492 1 41
 1410.6047385465054 1 23
 1411.0866369564399 1 1
 1411.9510014289192 1 28
 1412.058926971563 1 8
 1415.606448463763 1 4
 1415.9714323141914 1 18
 1417.6919666083763 1 46
 1418.607604218743 1 70
 1419.2828621305232 1 2
 1422.1735758450288 1 34
 1424.7965276287543 1 1
 1425.874014508392 1 15
 1426.8638122398368 1 11
 1426.989645387169 1 29
 1427.3049847147602 1 5
 1427.8417672711284 1 46
 1427.8919511955567 1 13
 1432.2591701060946 1 4
 1432.3893058118924 1 6
 1432.658752042271 1 2
 1435.7779691455219 1 3
 1438.70745426891 1 1
 1443.5529147877219 1 4
 1445.1566113990468 1 6
 1445.4392891186098 1 50
 1445.6963249523885 1 3
 1446.5247478306367 1 6
 1447.3597879564486 1 7
 1447.826412909006 1 15
 1451.2781038645473 1 13
 1451.3476618490365 1 4
 1453.3380370508783 1 35
 1453.917224904939 1 14
 1454.3638686936636 1 3
 1454.6632328880266 1 17
 1455.119260388578 1 9
 1456.9799616020496 1 22
 1458.0683022034266 1 1
 1459.8452306225076 1 3
 1462.550732337546 1 12
 1465.3334957235988 1 40
 1465.3626439210416 1 37
 1467.1886811201855 1 16
 1467.8302802646485 1 1
 1468.116322285187 1 1
 1468.392008547684 1 1
 1469.8920527834948 1 22
 1470.4535475785126 1 48
 1471.0079474705785 1 8
 1476.2961206718892 1 5
 1477.7416532782038 1 6
 1478.6382969757083 1 90
 1480.5578669355434 1 26
 1482.9237452015332 1 1
 1486.0180997017162 1 72
 1487.919781912769 1 21
 1488.6713764309263 1 18
 1489.2852484108748 1 49
 1490.776387556205 1 15
 1491.5110633328495 1 20
 1492.2362458870416 1 7
 1492.4341937849206 1 7
 1492.488770626074 1 18
 1492.957112032576 1 9
 1495.068848378449 1 17
 1495.8432685509792 1 14
 1500.4314170436328 1 5
 1501.2495373403244 1 10
 1501.8300481891429 1 6
 1502.376986435886 1 2
 1503.6016437647274 1 35
 1506.3204883608723 1 47
 1508.907039811861 1 200
 1510.4054567444546 1 22
 1510.4127861869151 1 4
 1511.6313057876273 1 22
 1513.1857615439908 1 9
 1514.9381954932237 1 16
 1515.2976902221722 1 23
 1515.7804264856236 1 1
 1517.2832890929124 1 3
 1519.9761743886822 1 4
 1521.8246966098366 1 2
 1522.36164728292 1 8
 1522.8797620001117 1 4
 1525.59990433053 1 33
 1527.4487497997377 1 5
 1528.0433902864527 1 23
 1528.1843968333567 1 10
 1528.327367840537 1 11
 1528.563825008578 1 9
 1528.6671384806011 1 18
 1529.5483554542343 1 44
 1533.5088771848039 1 6
 1533.8563767142123 1 9
 1535.8031506639172 1 7
 1536.548496769098 1 27
 1536.8843435681401 1 12
 1537.3463866634818 1 58
 1537.8053092516668 1 6
 1538.4215449386218 1 13
 1539.3010446064623 1 28
 1539.3600651764773 1 10
 1540.4648597127034 1 33
 1542.4851152785448 1 54
 1542.8293562685633 1 15
 1546.3193346856021 1 6
 1546.7900809114465 1 1
 1546.8750595401914 1 9
 1548.8318940170523 1 27
 1550.2223783098543 1 56
 1550.8421752377076 1 9
 1551.472920496816 1 1
 1551.6921807795895 1 4
 1553.366381795353 1 11
 1553.517045847771 1 147
 1554.9356009406645 1 10
 1557.3905348309154 1 17
 1557.8991450456263 1 29
 1565.3275234751577 1 17
 1566.2404486906742 1 39
 1566.3291032823524 1 76
 1568.921187984385 1 39
 1573.076839693633 1 18
 1573.9714504291235 1 9
 1574.474809432465 1 5
 1576.2903316063484 1 6
 1576.3746703049198 1 6
 1577.2107583873246 1 28
 1578.4152099159705 1 6
 1580.65380408296 1 64
 1582.7535674181568 1 20
 1583.1982596544956 1 17
 1583.3849866977548 1 87
 1583.4909843401197 1 75
 1584.4864797200146 1 23
 1588.763570352745 1 12
 1593.6717228452057 1 1
 1594.1350394866834 1 55
 1594.7658066679019 1 8
 1596.373522375721 1 97
 1598.1554721665857 1 5
 1600.5444624346321 1 15
 1601.041830599609 1 2
 1601.8870961526131 1 13
 1603.7188495761368 1 26
 1604.7181199515046 1 16
 1606.5486472991674 1 33
 1608.2233771333042 1 48
 1608.7649619026495 1 1
 1610.6938937795812 1 44
 1611.260098160939 1 13
 1611.37690035301 1 57
 1612.04860395838 1 82
 1613.519278223481 1 7
 1613.7155580479573 1 1
 1613.8752101156256 1 21
 1615.2373670577952 1 44
 1617.9416807361647 1 4
 1619.1032710390475 1 5
 1619.7787761726197 1 33
 1624.363925482181 1 3
 1626.7125687804287 1 30
 1627.1830690672236 1 1
 1633.5432559538876 1 41
 1633.6603480662145 1 14
 1636.360730929479 1 38
 1636.5664886619325 1 9
 1638.9080795997836 1 8
 1641.1437723860101 1 12
 1641.969908415232 1 48
 1646.0179933598658 1 22
 1647.9865298776506 1 12
 1648.2409821168976 1 12
 1649.6943746408017 1 5
 1657.6313379734486 1 2
 1660.0340973547193 1 18
 1660.1955213953072 1 34
 1660.7810309724864 1 1
 1660.9308262513841 1 6
 1662.3172422683851 1 19
 1664.450660526648 1 3
 1666.2826023746036 1 4
 1667.7363195798416 1 24
 1669.3932229714787 1 3
 1670.4426482027898 1 1
 1671.3114389167451 1 4
 1671.8800025699734 1 11
 1673.526069989483 1 3
 1674.2361716912224 1 2
 1676.4684185683323 1 12
 1676.528674235106 1 8
 1676.5955581789294 1 4
 1679.6653164002876 1 28
 1679.7577563725658 1 2
 1679.9633712465625 1 17
 1681.0555255598974 1 163
 1684.7168008584651 1 10
 1684.9029671360724 1 6
 1685.3551624214042 1 12
 1685.7518745386385 1 6
 1685.8237457427754 1 3
 1686.1841866331126 1 24
 1687.522355039325 1 82
 1687.5758289287949 1 55
 1688.9099034632848 1 13
 1691.821467246342 1 1
 1693.9031255404657 1 3
 1694.8998846119382 1 18
 1699.902333090072 1 3
 1701.1020418909334 1 6
 1701.7042043900108 1 30
 1703.281118033318 1 28
 1706.4073369700386 1 45
 1706.8707438456672 1 19
 1707.6816206543883 1 4
 1707.917498815919 1 4
 1710.738212211624 1 9
 1711.1810374496451 1 42
 1713.2909907784513 1 4
 1713.3928108742628 1 20
 1715.8782538914033 1 113
 1722.0933688745897 1 2
 1724.5194091040858 1 36
 1724.5785145070781 1 7
 1726.4476475054537 1 3
 1726.9089840357408 1 26
 1727.2251291255736 1 10
 1728.1029027938753 1 9
 1729.7317409056948 1 4
 1730.4301063371179 1 21
 1730.8132520541033 1 5
 1731.4878319798008 1 2
 1732.8655810657312 1 62
 1732.989914113548 1 6
 1733.6419168042617 1 1
 1736.9615491520924 1 7
 1737.2900983379604 1 1
 1738.2961073544711 1 1
 1743.1813273086552 1 16
 1749.424447949115 1 1
 1749.4976998021218 1 27
 1749.6226795795997 1 1
 1755.3589678959074 1 11
 1756.0317040232298 1 22
 1757.3548560769298 1 113
 1759.6807151058913 1 39
 1760.7839367598351 1 1
 1762.2238851879035 1 1
 1762.4901339832281 1 55
 1763.152249452928 1 13
 1765.5260803082074 1 32
 1765.776679174308 1 5
 1766.8492962270648 1 26
 1768.5381676534475 1 4
 1770.3172700581663 1 6
 1771.6559456073912 1 16
 1771.8354216624234 1 6
 1772.0727598642854 1 5
 1778.0122058211987 1 66
 1779.5023077180997 1 2
 1785.5452833529337 1 20
 1787.5587006898083 1 10
 1790.9635595689824 1 20
 1792.3140231014004 1 33
 1792.8861367322975 1 47
 1794.0797124929582 1 13
 1798.2167777830011 1 9
 1798.8028719118106 1 2
 1802.1820324430382 1 11
 1803.1787915313541 1 23
 1805.4862944182696 1 1
 1805.6562977978417 1 18
 1806.2364027535657 1 13
 1807.785901038358 1 12
 1808.4638122545207 1 2
 1808.5586702969015 1 6
 1809.018041674288 1 72
 1809.7508459738385 1 1
 1810.9910418887007 1 11
 1813.1057016955922 1 10
 1815.108440343964 1 187
 1815.150601909426 1 3
 1816.863395288853 1 104
 1818.9100149423048 1 31
 1820.4551686408445 1 29
 1821.5730842286405 1 39
 1821.971292592001 1 4
 1823.4551727193564 1 14
 1824.5215012130946 1 20
 1825.5016894081361 1 5
 1826.6861295729632 1 149
 1827.7992983641955 1 21
 1828.949898340938 1 34
 1830.8152721783345 1 5
 1831.2705434572879 1 42
 1833.1194584152622 1 19
 1833.139793987835 1 10
 1833.5711319005443 1 22
 1834.373663100669 1 13
 1835.4056420906768 1 43
 1835.895803584299 1 11
 1839.8924536240893 1 23
 1841.2632558393 1 4
 1842.7289551938916 1 24
 1842.9329545710032 1 2
 1843.1138362791053 1 9
 1843.270894011528 1 5
 1843.4239115432538 1 9
 1845.5618966726483 1 6
 1847.5940557728234 1 17
 1847.8562612180197 1 3
 1848.1585018608514 1 71
 1848.321289946841 1 1
 1848.3562404645036 1 2
 1850.8301671298962 1 9
 1852.5312518705446 1 27
 1853.260530497291 1 5
 1853.7660424052947 1 8
 1855.0296844324396 1 14
 1859.2064335208543 1 1
 1859.699390730878 1 200
 1862.1585273951423 1 4
 1870.0019068657002 1 4
 1874.634222072078 1 8
 1877.3556645487013 1 200
 1877.4642995780653 1 22
 1879.822247338811 1 32
 1880.3061264251405 1 11
 1880.7739756209437 1 20
 1881.7433559462006 1 8
 1882.4583996923016 1 3
 1882.9582816502227 1 5
 1883.7116990632348 1 9
 1887.2236779630414 1 14
 1889.0263966169186 1 86
 1890.7929617684513 1 4
 1893.2366900642933 1 12
 1894.1862924521708 1 6
 1894.5304256327436 1 5
 1901.0853533288007 1 7
 1901.4316403236528 1 15
 1903.675497712569 1 2
 1906.60314603204 1 59
 1908.1094878913939 1 16
 1908.396842283249 1 1
 1911.2905978528142 1 13
 1913.5348259113252 1 82
 1915.5757093280397 1 28
 1915.6612943718114 1 34
 1915.9328136643471 1 2
 1916.1064362308218 1 9
 1916.5807554390756 1 5
 1917.1203913741424 1 22
 1917.309927670571 1 1
 1917.9437596748323 1 84
 1921.4954829962214 1 92
 1921.7091854395449 1 7
 1923.5880940852198 1 19
 1924.452762646995 1 72
 1925.6895770079227 1 46
 1926.3265616936067 1 23
 1927.6950401187223 1 20
 1930.6500263440598 1 64
 1930.7334512574316 1 19
 1932.172212196508 1 15
 1932.3848214922755 1 1
 1932.6348480177762 1 66
 1933.503676581548 1 70
 1935.9024432903836 1 13
 1937.6988929408958 1 22
 1939.8335410326222 1 3
 1942.721029005665 1 32
 1943.0696412244047 1 4
 1944.2919699089914 1 24
 1945.701870088682 1 11
 1946.2660332986814 1 11
 1947.3639426992572 1 106
 1947.4408305028142 1 10
 1950.9989570993225 1 15
 1951.609098176956 1 170
 1951.6463939672494 1 24
 1951.712229993182 1 2
 1951.9027878518891 1 1
 1951.952255395036 1 6
 1953.0634448731914 1 3
 1954.7817158041469 1 31
 1957.6112326085815 1 2
 1957.9423098201005 1 1
 1958.4894026490063 1 80
 1961.457961927467 1 14
 1963.1246092882673 1 7
 1964.531340704481 1 12
 1965.752412718925 1 9
 1967.1571754790778 1 16
 1969.7469606437378 1 57
 1972.686424364883 1 11
 1973.097335220448 1 53
 1973.4390038969186 1 16
 1975.9940686275818 1 4
 1976.2259541800888 1 44
 1977.8230534948666 1 6
 1978.510145217315 1 9
 1981.2672794160358 1 5
 1983.2319880635803 1 15
 1985.9186232908748 1 5
 1986.2461366479865 1 3
 1987.9170886604652 1 33
 1988.6456920196192 1 50
 1989.1217999996861 1 20
 1989.4101759190057 1 19
 1990.0285415636017 1 1
 1991.4942667421656 1 3
 1991.6675530367556 1 3
 1992.0705939567165 1 3
 1994.4344890240982 1 11
 1995.6810126502103 1 5
 1995.8746292396224 1 9
 1997.2276189587185 1 10
 2002.451499749585 1 9
 2002.8262953336662 1 45
 2004.703305910528 1 11
 2005.2692777612988 1 23
 2005.803870446058 1 9
 2007.380484941368 1 17
 2007.53972562195 1 3
 2007.8820916110612 1 98
 2012.2531394314124 1 6
 2015.9547133448518 1 3
 2016.1098569740786 1 9
 2017.1583792051408 1 16
 2017.9347323024651 1 20
 2018.37486810764 1 21
 2021.6410435075977 1 3
 2022.6455820059455 1 3
 2022.8441649719125 1 6
 2024.054636574933 1 30
 2024.152031371416 1 10
 2027.4069725348752 1 20
 2029.1227178369816 1 3
 2029.2042734197548 1 36
 2029.3436253026425 1 4
 2029.3706515997594 1 12
 2032.8193139146204 1 64
 2033.140549062085 1 26
 2034.625318234461 1 1
 2036.3489625026393 1 8
 2039.3590741433293 1 55
 2039.6762491079785 1 6
 2039.891102775438 1 18
 2041.264036881741 1 1
 2043.3557293967167 1 3
 2043.367549541729 1 35
 2045.0073856694485 1 3
 2045.2708735676638 1 11
 2045.4351310516313 1 22
 2050.966742355465 1 2
 2051.0104373476997 1 5
 2051.926076486481 1 9
 2053.1196780434684 1 36
 2054.175475794633 1 2
 2054.884743932305 1 36
 2055.1152721381327 1 11
 2056.305991991329 1 22
 2058.5746008159836 1 23
 2061.778642525459 1 1
 2062.720107730016 1 2
 2062.7321860244674 1 7
 2062.7873419978782 1 8
 2062.8652956311344 1 14
 2066.1380001151642 1 7
 2066.2893157989324 1 32
 2067.1806138915363 1 6
 2067.207907156605 1 1
 2067.6237215531555 1 5
 2069.463895144727 1 9
 2070.3100132117584 1 33
 2070.809738520662 1 3
 2071.1357816908007 1 1
 2071.330697037779 1 4
 2071.6596408208134 1 23
 2072.667813564386 1 21
 2073.59641336949 1 33
 2074.48167741024 1 17
 2077.887916982939 1 13
 2078.263416709529 1 22
 2079.459855955464 1 10
 2082.1298220865165 1 16
 2083.001019931471 1 51
 2087.5139036285523 1 3
 2088.567800931378 1 4
 2089.850545854384 1 10
 2090.368893132165 1 1
 2092.044389008688 1 5
 2092.1552405159014 1 31
 2093.743170796915 1 13
 2095.069993425437 1 14
 2095.31696562948 1 87
 2095.7611315698123 1 24
 2096.218214506625 1 33
 2097.6813077610664 1 4
 2098.543424435554 1 44
 2098.8392108413723 1 2
 2099.444621799975 1 27
 2099.4552823818835 1 4
 2099.613144027751 1 21
 2101.9757350119166 1 22
 2103.047204309494 1 14
 2103.720113826151 1 10
 2103.865240486921 1 1
 2107.2915840762575 1 10
 2107.6207713987733 1 13
 2108.3843425510236 1 4
 2111.0414220151943 1 25
 2111.4470384492233 1 7
 2111.9156884790905 1 10
 2114.9900389142026 1 6
 2117.182123870439 1 184
 2120.577020661469 1 4
 2122.378410772156 1 58
 2122.4751151007295 1 5
 2123.1321022414536 1 111
 2125.627696540258 1 19
 2127.2920706482946 1 17
 2127.6127219272994 1 3
 2128.180240567128 1 1
 2128.2047886951054 1 3
 2130.0204164679467 1 16
 2130.898925135536 1 25
 2131.4547325546614 1 5
 2131.9144564653798 1 20
 2132.456496747664 1 4
 2132.608669998403 1 9
 2132.7429213377272 1 18
 2133.478250579998 1 8
 2134.2678729364907 1 88
 2140.0157707070466 1 136
 2140.4690741395884 1 22
 2140.6063555568744 1 17
 2140.694093964439 1 196
 2140.9212678075687 1 1
 2143.8199720084335 1 8
 2143.8332878259466 1 3
 2144.176464154346 1 18
 2144.2154001720464 1 3
 2144.7347327804932 1 7
 2144.785468614243 1 17
 2149.8594098003 1 200
 2150.9716380433592 1 9
 2151.1622238964082 1 1
 2151.926863668716 1 46
 2151.9425904528885 1 49
 2155.0859231636646 1 63
 2156.4607002620824 1 82
 2158.3831823041487 1 14
 2159.6745457085 1 8
 2160.8247674034255 1 3
 2160.8772922802036 1 88
 2160.8849336715434 1 22
 2162.473295292027 1 21
 2163.2134451746997 1 11
 2164.1611139175516 1 52
 2164.5690151873155 1 3
 2167.8199978820558 1 27
 2169.57589946789 1 94
 2170.05581729752 1 6
 2170.7243541171943 1 18
 2171.3178396477656 1 13
 2172.2941940727665 1 1
 2172.6001184829342 1 23
 2172.8522507540088 1 8
 2173.379410398091 1 13
 2173.9533231530518 1 10
 2175.627773652581 1 9
 2176.6598858518987 1 54
 2177.1204633892107 1 9
 2182.494923976892 1 7
 2185.198189948332 1 19
 2185.325422315924 1 24
 2185.360220865438 1 5
 2188.0347088673493 1 1
 2189.0981563363403 1 7
 2197.308099937175 1 4
 2199.366553363777 1 6
 2199.5331833043147 1 2
 2199.9150622014918 1 7
 2204.6080685722472 1 46
 2207.375867931566 1 14
 2207.4682999476445 1 1
 2208.856891200226 1 17
 2208.8952663529035 1 21
 2209.485566276656 1 20
 2210.5868183502384 1 6
 2210.8365541774774 1 4
 2211.1516951219137 1 2
 2220.163185811417 1 46
 2222.3430733009286 1 2
 2223.4644583828062 1 12
 2227.215729060095 1 1
 2227.5798816258866 1 20
 2227.862159136327 1 10
 2231.5798809555795 1 9
 2238.4689087460233 1 28
 2239.9545790908114 1 15
 2240.3014971843695 1 6
 2241.9998417996867 1 19
 2242.99228858869 1 4
 2243.176982784595 1 12
 2244.2865666697962 1 9
 2246.8204096003824 1 77
 2248.0286738449636 1 46
 2248.491724007199 1 4
 2250.780847283992 1 55
 2250.9191470868045 1 50
 2252.440115583781 1 21
 2254.8646145619778 1 1
 2255.21830553074 1 2
 2259.5562060927264 1 1
 2261.090051210418 1 36
 2262.2888108031475 1 37
 2264.1309557837412 1 2
 2265.716885399804 1 6
 2266.5756831997533 1 5
 2266.8285372365413 1 3
 2267.361958982659 1 10
 2269.6039272745693 1 111
 2269.716605471493 1 4
 2270.6677165334327 1 28
 2274.2948337535677 1 7
 2275.3130665286835 1 9
 2278.373392292321 1 31
 2279.0137919134095 1 35
 2281.436550438205 1 22
 2282.1349133345902 1 15
 2283.2714416821386 1 6
 2285.7254371565364 1 4
 2285.910182384921 1 6
 2286.188074853409 1 6
 2287.293666329941 1 16
 2288.9985099926093 1 28
 2289.0418793230024 1 7
 2290.14632421652 1 1
 2290.865752039096 1 4
 2291.166167985754 1 12
 2292.2222596731644 1 8
 2293.272710067052 1 3
 2293.3880557523885 1 7
 2293.6026326611423 1 15
 2294.4026869784902 1 9
 2296.4957016979956 1 6
 2297.2901507006845 1 12
 2298.8178920634577 1 1
 2300.437073934191 1 27
 2304.012411397977 1 14
 2304.571315944657 1 8
 2306.2666282346677 1 14
 2308.317024049445 1 7
 2309.47831932091 1 5
 2312.8627093006394 1 200
 2315.2144725422468 1 2
 2316.3445621600426 1 14
 2316.9596845929045 1 22
 2317.039200728538 1 10
 2320.7200907026504 1 1
 2321.3204333185827 1 10
 2324.0946409233925 1 9
 2324.710856260857 1 19
 2329.261647397633 1 36
 2329.5384818085204 1 2
 2330.4182859980765 1 23
 2331.3975977226687 1 3
 2335.2650199375385 1 1
 2335.4207634905442 1 18
 2335.857063372557 1 2
 2336.8353561031486 1 200
 2336.8884745083665 1 3
 2337.33951935284 1 3
 2337.950175749022 1 49
 2338.5376472399 1 3
 2339.5184985094697 1 56
 2340.98047209908 1 6
 2341.104093515472 1 13
 2341.2615167247245 1 142
 2341.3558537457475 1 3
 2343.121510627679 1 7
 2344.1949730526876 1 23
 2344.587243665243 1 23
 2345.0418995199357 1 5
 2346.0193042303245 1 1
 2348.01886777215 1 51
 2349.5691772783935 1 48
 2351.6857800688176 1 21
 2352.0829724297005 1 1
 2352.435639608433 1 1
 2352.6655316306 1 19
 2352.7329100277325 1 2
 2353.412206320429 1 19
 2355.2366102748756 1 59
 2357.7816240245616 1 27
 2360.451233156791 1 2
 2362.5839491065585 1 9
 2363.310728728298 1 1
 2363.5700510200036 1 3
 2366.0089946755397 1 9
 2366.186343591975 1 9
 2367.7511922446224 1 32
 2369.9691084423157 1 17
 2374.3761391146727 1 1
 2374.6324585057787 1 21
 2375.463509158077 1 7
