 0 1 47
 2.9905269603988374 0.7674418604651163 172
 3.266267615405687 1 8
 4.194788414918552 0.8571428571428571 7
 4.291433057813533 0.875 8
 5.324249076307345 0 1
 5.334259076307345 1 1
 6.333089704574604 0 1
 7.112343343820237 0.375 8
 7.142517844235489 0.5 6
 7.325478713991429 0.8 5
 9.220748751081397 0.47619047619047616 21
 9.375922618055922 0.25 4
 10.661255800228814 0.4 5
 10.968073385190081 0.5555555555555556 9
 11.595569780348011 0.35 20
 11.762410917545926 0.2571428571428571 35
 11.948631720677009 0 8
 12.583965529673879 0.39285714285714285 56
 13.816104121370977 0.38461538461538464 13
 14.230614710081571 0.4050632911392405 79
 15.375804974604517 0.4166666666666667 12
 16.29014250570713 0.34375 32
