 2.6838345454545514 2.6838345454545514 0 2.6838345454545514 47
 5.324249076307345 2.0579814609016585 0 2.0579814609016585 8
 5.334259076307345 0.7146840786984185 0.7046740786984191 0.010009999999999408 1
 5.344269076307344 0.130565995021934 0.12055599502193459 0.010009999999999408 1
 5.389395273850652 1.0979622160371187 0 1.0979622160371187 8
 5.928955338755497 2.9384283783566594 0 2.9384283783566594 172
 7.1703878442354885 0.027869999999999173 0 0.027869999999999173 6
 7.343185898296994 1.01009619372239 0 1.01009619372239 1
 7.3474987139914285 0.022019999999999484 0 0.022019999999999484 5
 7.3910091860386276 0.2786658422183903 0 0.2786658422183903 8
 7.444314189103129 3.249525774184577 0 3.249525774184577 7
 10.16783193474181 0.9470831836604141 0 0.9470831836604141 21
 10.683275800228815 0.02202000000000126 0 0.02202000000000126 5
 11.00585338519008 0.0377799999999997 0 0.0377799999999997 9
 11.876890917545927 0.11448000000000036 0 0.11448000000000036 35
 11.980951720677009 0.03232000000000035 0 0.03232000000000035 8
 12.649487444729347 1.053917664381336 0 1.053917664381336 20
 12.76843552967388 0.18447000000000102 0 0.18447000000000102 56
 12.807728771044799 3.4318061529888766 0 3.4318061529888766 4
 13.862204121370977 0.04610000000000092 0 0.04610000000000092 13
 15.418094974604516 0.042289999999999495 0 0.042289999999999495 12
 15.608157337793422 1.3775426277118505 0 1.3775426277118505 79
 16.39034250570713 0.10020000000000095 0 0.10020000000000095 32
