 0.7973363636363637 0.7973363636363637 0 0.7973363636363637 4
 0.9464430986893471 0.0877327272727273 0 0.0877327272727273 25
 2.2918355598171254 1.8078962198781325 0 1.8078962198781325 6
 2.3468217959654547 1.501286327328186 0 1.501286327328186 17
 3.914250609402084 0.2701731714151996 0 0.2701731714151996 10
 4.0640739472502325 0.062409999999999854 0 0.062409999999999854 17
 4.426996134380548 1.113477263714902 0 1.113477263714902 165
 7.668314402684867 0.012589999999999435 0 0.012589999999999435 2
 9.738645661138692 0.15446000000000026 0 0.15446000000000026 49
 12.039188868466004 0.08605000000000018 0 0.08605000000000018 28
 12.495225491333578 0.12631000000000014 0 0.12631000000000014 39
 17.511262823306676 0.04054999999999964 0 0.04054999999999964 11
 18.157753340130323 0.39044447378822866 0 0.39044447378822866 7
 18.288961362714655 0.0406000000000013 0 0.0406000000000013 12
 23.17919402776069 0.20025000000000048 0 0.20025000000000048 63
 25.465066678506084 0.026019999999999044 0 0.026019999999999044 5
 26.740980538427532 0.010010000000001185 0 0.010010000000001185 1
 27.32080576668233 0.010010000000001185 0 0.010010000000001185 1
 27.512150880429136 0.08306999999999931 0 0.08306999999999931 24
 27.893239170107943 0.016370000000001994 0 0.016370000000001994 3
 30.038731674506938 0.020659999999999457 0 0.020659999999999457 3
 30.181964485626473 0.11681000000000097 0 0.11681000000000097 37
 30.67391301081649 0.6264499999999984 0 0.6264499999999984 200
 32.22902312008599 0.027529999999998722 0 0.027529999999998722 5
 33.19554635094425 0.010010000000001185 0 0.010010000000001185 1
 34.613188906402634 0.013570000000001414 0 0.013570000000001414 1
 37.44406509413425 0.14177000000000106 0 0.14177000000000106 33
 42.53819123300391 0.046939999999999316 0 0.046939999999999316 10
 47.2115989887672 0.0437300000000036 0 0.0437300000000036 9
 48.863569249269055 0.013570000000001414 0 0.013570000000001414 1
 50.5682137333405 0.32979392658112516 0 0.32979392658112516 3
 54.64954343778332 0.1910000000000025 0 0.1910000000000025 42
 54.92254067612278 0.013570000000001414 0 0.013570000000001414 1
 57.84294494009371 0.25807999999999964 0 0.25807999999999964 64
 59.32719459081538 0.01706000000000074 0 0.01706000000000074 2
 64.2087070450392 0.012590000000002988 0 0.012590000000002988 2
 67.6002290613923 0.3794907105784091 0 0.3794907105784091 1
 68.48950485983661 0.16779788797416018 0 0.16779788797416018 1
 70.02403056698132 0.08580637926921497 0 0.08580637926921497 3
 70.16517058954668 0.01000999999999408 0 0.01000999999999408 1
 70.17923214829598 0.507772645849812 0 0.507772645849812 42
 71.34097618315427 0.13769999999999527 0 0.13769999999999527 34
 72.24498326818863 0.018460000000004584 0 0.018460000000004584 2
 74.14508159928424 0.08877999999999986 0 0.08877999999999986 16
 74.67387770500628 0.028679999999994266 0 0.028679999999994266 6
 75.80028978667322 0.020750000000006708 0 0.020750000000006708 4
 75.8008780949017 0.03885999999999967 0 0.03885999999999967 6
 76.70145295310832 0.02562000000000353 0 0.02562000000000353 4
 78.43857138293814 0.01000999999999408 0 0.01000999999999408 1
 79.72564857965739 0.05925999999999476 0 0.05925999999999476 10
 79.78656096925668 0.02389999999999759 0 0.02389999999999759 4
 81.03514005706418 0.06247000000000469 0 0.06247000000000469 11
 81.42651931284274 0.009940000000000282 0 0.009940000000000282 0
 81.95308525542703 0.039400000000000546 0 0.039400000000000546 8
 82.37473430569058 0.3383500000000055 0 0.3383500000000055 59
 83.31024194958496 0.3272234402606955 0 0.3272234402606955 5
 83.36235862655143 0.2983834926257174 0 0.2983834926257174 2
 85.49044337266626 0.3224222456672692 0 0.3224222456672692 1
 87.84331500879188 0.016360000000005925 0 0.016360000000005925 2
 89.73131392313246 0.012730000000004793 0 0.012730000000004793 1
 93.17317396426917 0.040970000000001505 0 0.040970000000001505 5
 93.3507143394976 0.025869999999997617 0 0.025869999999997617 3
 94.6268793216837 0.01399000000000683 0 0.01399000000000683 1
 96.06978925485784 0.01609000000000549 0 0.01609000000000549 1
 97.75320885409258 0.01609000000000549 0 0.01609000000000549 1
 97.9686208700016 0.015590000000003101 0 0.015590000000003101 2
 98.99281789032956 0.009940000000000282 0 0.009940000000000282 0
 99.89870519518743 0.009940000000000282 0 0.009940000000000282 0
 105.02355444510641 0.013720000000006394 0 0.013720000000006394 0
 109.7084669499263 0.03257000000000687 0 0.03257000000000687 5
 110.14206527234046 0.01693000000000211 0 0.01693000000000211 1
 113.12697891182755 0.01120000000000232 0 0.01120000000000232 0
 114.54707126352807 0.01251999999999498 0 0.01251999999999498 1
 114.58681556923499 0.1155300000000068 0 0.1155300000000068 25
 114.79922344430405 0.035949999999999704 0 0.035949999999999704 3
 115.31705199825319 0.035949999999999704 0 0.035949999999999704 3
 122.74885800258241 0.013720000000006394 0 0.013720000000006394 0
 123.49566505296195 0.040689999999997895 0 0.040689999999997895 5
 125.76788723838558 0.01693000000000211 0 0.01693000000000211 1
 126.24074190910112 0.01120000000000232 0 0.01120000000000232 0
 131.57479321618118 0.013720000000006394 0 0.013720000000006394 0
 137.87793161510336 0.009940000000000282 0 0.009940000000000282 0
 139.5346332700696 0.013720000000006394 0 0.013720000000006394 0
 139.53864602580714 0.05607000000000539 0 0.05607000000000539 7
 140.67531033079482 0.03358000000000061 0 0.03358000000000061 2
 142.13717262493697 0.2979599999999891 0 0.2979599999999891 42
 142.3022497885468 0.09076999999999202 0 0.09076999999999202 9
 143.70786930913965 0.02754999999999086 0 0.02754999999999086 3
 143.9906797851727 0.013720000000006394 0 0.013720000000006394 0
 144.43732065525248 0.023629999999997153 0 0.023629999999997153 3
 145.20657921007677 0.12486999999998716 0 0.12486999999998716 15
 145.2412121727392 0.035950000000013915 0 0.035950000000013915 3
 146.3676713339126 0.1730799999999988 0 0.1730799999999988 24
 146.99684294560188 0.013720000000006394 0 0.013720000000006394 0
 152.8566327382574 0.040690000000012105 0 0.040690000000012105 5
 154.33749258917132 0.018760000000014543 0 0.018760000000014543 0
 158.6340025900115 0.016089999999991278 0 0.016089999999991278 1
 160.16585399305717 0.01120000000000232 0 0.01120000000000232 0
 168.25076061029046 0.15169535227778397 0 0.15169535227778397 0
 170.42766641290655 0.013720000000006394 0 0.013720000000006394 0
 171.81780443221314 0.009940000000000282 0 0.009940000000000282 0
 172.54449954464732 0.1651899999999955 0 0.1651899999999955 15
 173.7511197121581 0.22712000000001353 0 0.22712000000001353 24
 174.78636666000546 0.115949999999998 0 0.115949999999998 11
 178.69292425020063 0.0383199999999988 0 0.0383199999999988 4
 184.44091876241978 0.10292645072294704 0 0.10292645072294704 0
 185.87993358560428 0.01120000000000232 0 0.01120000000000232 0
 188.42651143437695 0.013720000000006394 0 0.013720000000006394 0
 189.6109360657164 0.27579000000000065 0 0.27579000000000065 33
 189.80020705539673 0.021129999999999427 0 0.021129999999999427 1
 191.44588184672546 0.03358000000000061 0 0.03358000000000061 2
 192.0426028876252 0.009940000000000282 0 0.009940000000000282 0
 192.57397341883862 0.013720000000006394 0 0.013720000000006394 0
 193.89787679319093 0.02884000000000242 0 0.02884000000000242 0
 194.06067087583344 0.013720000000006394 0 0.013720000000006394 0
 197.1028554754262 0.02280999999999267 0 0.02280999999999267 1
 198.98722132590692 0.013720000000006394 0 0.013720000000006394 0
 202.28843008813766 0.06322000000000116 0 0.06322000000000116 6
 203.8408070441451 0.009940000000000282 0 0.009940000000000282 0
 207.98251025238562 0.031209999999987303 0 0.031209999999987303 1
 208.91558079136072 0.016089999999991278 0 0.016089999999991278 1
 209.96968889784955 0.01251999999999498 0 0.01251999999999498 1
 210.38935061017042 0.031209999999987303 0 0.031209999999987303 1
 210.59582593720359 0.19839999999999236 0 0.19839999999999236 12
 210.66514559888196 0.06795999999999935 0 0.06795999999999935 8
 210.69629788708318 0.18891999999999598 0 0.18891999999999598 8
 211.83956163960028 0.031209999999987303 0 0.031209999999987303 1
 212.62790473290892 0.2598299999999938 0 0.2598299999999938 15
 213.4094689636183 0.02884000000000242 0 0.02884000000000242 0
 214.72043579835898 0.19196989634727402 0 0.19196989634727402 10
 216.5855514596228 0.09880000000001132 0 0.09880000000001132 4
 217.72195537218673 0.014409999999998035 0 0.014409999999998035 1
 218.25166544511055 0.03358000000000061 0 0.03358000000000061 2
 219.06474736301678 0.035950000000013915 0 0.035950000000013915 3
 221.08949247428532 0.009940000000000282 0 0.009940000000000282 0
 222.0628989762775 0.06520000000000437 0 0.06520000000000437 4
 223.48926965136016 0.025180000000005975 0 0.025180000000005975 2
 223.52668563044557 0.018760000000014543 0 0.018760000000014543 0
 224.0538838502948 0.031209999999987303 0 0.031209999999987303 1
 224.30717874334874 0.05136999999999148 0 0.05136999999999148 1
 224.44219164528891 0.053740000000004784 0 0.053740000000004784 2
 227.5518032450377 0.02884000000000242 0 0.02884000000000242 0
 228.089699007686 0.009940000000000282 0 0.009940000000000282 0
 230.4006004914651 0.15089151580673388 0 0.15089151580673388 0
 230.9918722702279 0.049000000000006594 0 0.049000000000006594 0
 233.3912575794132 0.15801878009543202 0 0.15801878009543202 1
 234.5289657627173 0.01120000000000232 0 0.01120000000000232 0
 234.709481676928 0.018760000000014543 0 0.018760000000014543 0
 238.18083274892945 0.049000000000006594 0 0.049000000000006594 0
 238.6399350664047 0.009940000000000282 0 0.009940000000000282 0
 242.5216436658802 0.009940000000000282 0 0.009940000000000282 0
 245.776335516882 0.013720000000006394 0 0.013720000000006394 0
 246.77508212083546 0.10683951834812433 0 0.10683951834812433 1
 248.42782044053746 0.02280999999999267 0 0.02280999999999267 1
 249.29440325006487 0.049000000000006594 0 0.049000000000006594 0
 250.4488537295541 0.013720000000006394 0 0.013720000000006394 0
 253.12542114566057 0.018760000000014543 0 0.018760000000014543 0
 255.4695016342278 0.1794399999999996 0 0.1794399999999996 4
 257.39175478933254 0.09642999999999802 0 0.09642999999999802 3
 260.0838317953495 0.013719999999977972 0 0.013719999999977972 0
 260.69723268155684 0.01875999999998612 0 0.01875999999998612 0
 260.9921592560949 0.00993999999997186 0 0.00993999999997186 0
 261.8413443455055 0.03357999999997219 0 0.03357999999997219 2
 262.7382544457465 0.011199999999973898 0 0.011199999999973898 0
 265.57404655618956 0.021129999999971005 0 0.021129999999971005 1
 266.0809368980326 0.031209999999987303 0 0.031209999999987303 1
 266.2731526831559 0.00993999999997186 0 0.00993999999997186 0
 266.46326190340375 0.04899999999997817 0 0.04899999999997817 0
 268.3928994679963 0.01875999999998612 0 0.01875999999998612 0
 268.7409355276168 0.00993999999997186 0 0.00993999999997186 0
 270.3437697781779 0.03357999999997219 0 0.03357999999997219 2
 270.75452114495664 0.01875999999998612 0 0.01875999999998612 0
 272.79762747324605 0.011199999999973898 0 0.011199999999973898 0
 273.4914588762455 0.01875999999998612 0 0.01875999999998612 0
 273.8864787522432 0.05373999999994794 0 0.05373999999994794 2
 274.3085948510376 0.01875999999998612 0 0.01875999999998612 0
 274.38726706222076 0.01875999999998612 0 0.01875999999998612 0
 277.6986201685166 0.00993999999997186 0 0.00993999999997186 0
 278.3941416853892 0.04899999999997817 0 0.04899999999997817 0
 279.5621913073888 0.10984779733621508 0 0.10984779733621508 1
 279.7925728335281 0.12117879164236456 0 0.12117879164236456 0
 279.82800450335594 0.04899999999997817 0 0.04899999999997817 0
 279.8639711446432 0.11216456914064565 0 0.11216456914064565 0
 280.0562967556523 0.028839999999945576 0 0.028839999999945576 0
 280.2738391763151 0.01875999999998612 0 0.01875999999998612 0
 280.9843551749156 0.00993999999997186 0 0.00993999999997186 0
 281.76984926339543 0.011199999999973898 0 0.011199999999973898 0
 284.1806070536727 0.028839999999945576 0 0.028839999999945576 0
 286.1224481822517 0.028839999999945576 0 0.028839999999945576 0
 286.3878640090081 0.08931999999998652 0 0.08931999999998652 0
 286.68704112341106 0.013719999999977972 0 0.013719999999977972 0
 287.59684888770636 0.051369999999963056 0 0.051369999999963056 1
 287.6479480702977 0.013719999999977972 0 0.013719999999977972 0
 288.17758927669024 0.01251999999999498 0 0.01251999999999498 1
 289.54298827690263 0.1723299999999881 0 0.1723299999999881 1
 291.0619254520187 0.031209999999987303 0 0.031209999999987303 1
 292.00708971101955 0.021129999999971005 0 0.021129999999971005 1
 293.04216426411114 0.028839999999945576 0 0.028839999999945576 0
 293.7562689677182 0.028839999999945576 0 0.028839999999945576 0
 298.6609812709487 0.051369999999963056 0 0.051369999999963056 1
 299.72032331964505 0.04899999999997817 0 0.04899999999997817 0
 301.12897918446214 0.013719999999977972 0 0.013719999999977972 0
 301.3117468960989 0.00993999999997186 0 0.00993999999997186 0
 301.3736038983464 0.011199999999973898 0 0.011199999999973898 0
 303.3660116046403 0.01875999999998612 0 0.01875999999998612 0
 304.95141536512585 0.01875999999998612 0 0.01875999999998612 0
 306.5306164786282 0.01875999999998612 0 0.01875999999998612 0
 306.9458567773675 0.01875999999998612 0 0.01875999999998612 0
 306.99733111665614 0.011199999999973898 0 0.011199999999973898 0
 307.89209724484436 0.00993999999997186 0 0.00993999999997186 0
 307.91154002988986 0.01875999999998612 0 0.01875999999998612 0
 308.67031983084536 0.05373999999994794 0 0.05373999999994794 2
 309.5529088682681 0.00993999999997186 0 0.00993999999997186 0
 309.80077955546176 0.16995999999994638 0 0.16995999999994638 0
 312.3304976215531 0.31702151773822607 0 0.31702151773822607 0
 317.552630640613 0.013719999999977972 0 0.013719999999977972 0
 317.9290059293339 0.028839999999945576 0 0.028839999999945576 0
 319.31213290404554 0.028839999999945576 0 0.028839999999945576 0
 319.6330763648477 0.013719999999977972 0 0.013719999999977972 0
 319.66782549287575 0.051369999999963056 0 0.051369999999963056 1
 321.41543225767714 0.04899999999997817 0 0.04899999999997817 0
 322.9947506022879 0.01875999999998612 0 0.01875999999998612 0
 324.34638986193886 0.028839999999945576 0 0.028839999999945576 0
 325.7681303534682 0.00993999999997186 0 0.00993999999997186 0
 326.0004732097603 0.01875999999998612 0 0.01875999999998612 0
 327.04795817855216 0.011199999999973898 0 0.011199999999973898 0
 328.47230593922114 0.01875999999998612 0 0.01875999999998612 0
 328.65722238610044 0.013719999999977972 0 0.013719999999977972 0
 329.68297401183986 0.01875999999998612 0 0.01875999999998612 0
 329.8490556350026 0.08931999999998652 0 0.08931999999998652 0
 331.21206154028425 0.03693999999995867 0 0.03693999999995867 2
 331.5211890164498 0.16995999999994638 0 0.16995999999994638 0
 335.68640588550284 0.013719999999977972 0 0.013719999999977972 0
 337.8274872403107 0.011199999999973898 0 0.011199999999973898 0
 341.2756890614008 0.028839999999945576 0 0.028839999999945576 0
 341.93208146691177 0.011199999999973898 0 0.011199999999973898 0
 345.2394995997965 0.011199999999973898 0 0.011199999999973898 0
 347.4175360057425 0.1765836269083252 0 0.1765836269083252 0
 350.8710764121894 0.04899999999997817 0 0.04899999999997817 0
 352.24036161326575 0.013719999999977972 0 0.013719999999977972 0
 353.6758115056943 0.028839999999945576 0 0.028839999999945576 0
 355.0818815585528 0.00993999999997186 0 0.00993999999997186 0
 355.2523279358552 0.028839999999945576 0 0.028839999999945576 0
 355.99790100628735 0.08931999999998652 0 0.08931999999998652 0
 357.5742812145203 0.013719999999977972 0 0.013719999999977972 0
 357.6476331596193 0.013719999999977972 0 0.013719999999977972 0
 359.11121570616115 0.00993999999997186 0 0.00993999999997186 0
 359.93779111014135 0.013719999999977972 0 0.013719999999977972 0
 360.49593801186074 0.3476779881926291 0 0.3476779881926291 0
 361.2726671534754 0.1399610876547399 0 0.1399610876547399 0
 362.8627774171502 0.01875999999998612 0 0.01875999999998612 0
 363.73022553534156 0.34281090909058776 0 0.34281090909058776 0
 364.7148514158556 0.013719999999977972 0 0.013719999999977972 0
 365.00324435599583 0.00993999999997186 0 0.00993999999997186 0
 366.16590220676557 0.028839999999945576 0 0.028839999999945576 0
 367.5156302859961 0.031209999999987303 0 0.031209999999987303 1
 367.6516775814025 0.04899999999997817 0 0.04899999999997817 0
 368.3214157640849 0.04899999999997817 0 0.04899999999997817 0
 374.276140845464 0.08931999999998652 0 0.08931999999998652 0
 376.3852273930735 0.028839999999945576 0 0.028839999999945576 0
 377.83558894400585 0.013719999999977972 0 0.013719999999977972 0
 377.96002856018845 0.04899999999997817 0 0.04899999999997817 0
 378.84944100207986 0.057563636363568094 0 0.057563636363568094 0
 379.0992553369299 0.028839999999945576 0 0.028839999999945576 0
 379.24949551372356 0.028839999999945576 0 0.028839999999945576 0
 379.64245188450894 0.011199999999973898 0 0.011199999999973898 0
 383.5523421337818 0.04899999999997817 0 0.04899999999997817 0
 385.1067760534518 0.013719999999977972 0 0.013719999999977972 0
 387.14326898394876 0.08931999999998652 0 0.08931999999998652 0
 387.67231627047215 0.16995999999994638 0 0.16995999999994638 0
 387.927745424874 0.028839999999945576 0 0.028839999999945576 0
 388.464647355286 0.00993999999997186 0 0.00993999999997186 0
 389.3303003485084 0.013719999999977972 0 0.013719999999977972 0
 392.55369185257916 0.028839999999945576 0 0.028839999999945576 0
 395.2634716999358 0.2325758554118238 0 0.2325758554118238 0
 395.42969914223266 0.2979560030942139 0 0.2979560030942139 1
 399.931848803288 0.016089999999962856 0 0.016089999999962856 1
 401.1147442547404 0.00993999999997186 0 0.00993999999997186 0
 407.36124502698505 0.04899999999997817 0 0.04899999999997817 0
 408.6547502841733 0.01875999999998612 0 0.01875999999998612 0
 408.80771943748533 0.013719999999977972 0 0.013719999999977972 0
 409.5776917577592 0.19047126801871173 0 0.19047126801871173 0
 413.07111436723096 0.031209999999987303 0 0.031209999999987303 1
 413.51023000907037 0.00993999999997186 0 0.00993999999997186 0
 415.1662255802631 0.028839999999945576 0 0.028839999999945576 0
 415.55987821947997 0.011199999999973898 0 0.011199999999973898 0
 416.56537309434486 0.013719999999977972 0 0.013719999999977972 0
 418.18217133588945 0.011199999999973898 0 0.011199999999973898 0
 418.8296342049661 0.028839999999945576 0 0.028839999999945576 0
 420.22594153738856 0.3312399999999798 0 0.3312399999999798 0
 420.32732132085846 0.00993999999997186 0 0.00993999999997186 0
 422.6910033416568 0.04899999999997817 0 0.04899999999997817 0
 423.88406996242077 0.33360999999996466 0 0.33360999999996466 1
 426.1457433416047 0.01875999999998612 0 0.01875999999998612 0
 427.9625628560297 0.01875999999998612 0 0.01875999999998612 0
 430.674246148045 0.04899999999997817 0 0.04899999999997817 0
 431.3120417224803 0.028839999999945576 0 0.028839999999945576 0
 431.33303842963664 0.011199999999973898 0 0.011199999999973898 0
 432.55245511882083 0.00993999999997186 0 0.00993999999997186 0
 433.4563696002504 0.028839999999945576 0 0.028839999999945576 0
 436.84981352677806 0.051369999999963056 0 0.051369999999963056 1
 437.0558015859035 0.011199999999973898 0 0.011199999999973898 0
 438.56574728692993 0.01875999999998612 0 0.01875999999998612 0
 440.3125122444554 0.013719999999977972 0 0.013719999999977972 0
 440.6019998216093 0.00993999999997186 0 0.00993999999997186 0
 440.8136489907918 0.00993999999997186 0 0.00993999999997186 0
 443.63159464130774 0.013719999999977972 0 0.013719999999977972 0
 443.709316179028 0.19909552750880266 0 0.19909552750880266 0
 444.2915024880609 0.372669589576617 0 0.372669589576617 0
 445.4102624787641 0.0916899999999714 0 0.0916899999999714 1
 447.219067007342 0.04899999999997817 0 0.04899999999997817 0
 447.4190639157337 0.04899999999997817 0 0.04899999999997817 0
 449.3637502361574 0.031209999999987303 0 0.031209999999987303 1
 449.71466566649264 0.013719999999977972 0 0.013719999999977972 0
 449.7551722263669 0.00993999999997186 0 0.00993999999997186 0
 449.84825093459426 0.01875999999998612 0 0.01875999999998612 0
 449.8766684946746 0.028839999999945576 0 0.028839999999945576 0
 452.0051597616862 0.01875999999998612 0 0.01875999999998612 0
 453.850512856584 0.04899999999997817 0 0.04899999999997817 0
 454.0125525168473 0.01875999999998612 0 0.01875999999998612 0
 455.7075266135336 0.04899999999997817 0 0.04899999999997817 0
 455.9337405742864 0.00993999999997186 0 0.00993999999997186 0
 457.2086220264561 0.08931999999998652 0 0.08931999999998652 0
 459.996476506538 0.2484203993623737 0 0.2484203993623737 0
 461.68687511249834 0.1723299999999881 0 0.1723299999999881 1
 462.0750014646972 0.01875999999998612 0 0.01875999999998612 0
 464.12631559216743 0.01875999999998612 0 0.01875999999998612 0
 465.71747484551804 0.00993999999997186 0 0.00993999999997186 0
 466.23216173967006 0.01875999999998612 0 0.01875999999998612 0
 471.0515556941179 0.011199999999973898 0 0.011199999999973898 0
 472.81364908755023 0.01875999999998612 0 0.01875999999998612 0
 475.8700721451912 0.01875999999998612 0 0.01875999999998612 0
 481.78006030886746 0.01875999999998612 0 0.01875999999998612 0
 483.823765416824 0.04899999999997817 0 0.04899999999997817 0
 484.6093734086105 0.013719999999977972 0 0.013719999999977972 0
 485.1812142058417 0.028839999999945576 0 0.028839999999945576 0
 485.8115462610698 0.013719999999977972 0 0.013719999999977972 0
 488.06445660993364 0.04899999999997817 0 0.04899999999997817 0
 488.097799434159 0.011199999999973898 0 0.011199999999973898 0
 491.6148170035217 0.00993999999997186 0 0.00993999999997186 0
 491.86907265027236 0.5215018932954649 0 0.5215018932954649 0
 497.6214020920924 0.00993999999997186 0 0.00993999999997186 0
 497.7433050601811 0.08931999999998652 0 0.08931999999998652 0
 497.7961936582009 0.04899999999997817 0 0.04899999999997817 0
 498.1922688879124 0.013719999999977972 0 0.013719999999977972 0
 499.74000478298115 0.00993999999997186 0 0.00993999999997186 0
 500.4592684211458 0.04899999999997817 0 0.04899999999997817 0
 501.22037712315034 0.011199999999973898 0 0.011199999999973898 0
 501.6695110596398 0.028839999999945576 0 0.028839999999945576 0
 502.5873020907616 0.04899999999997817 0 0.04899999999997817 0
 503.3732510568777 0.011199999999973898 0 0.011199999999973898 0
 506.51901739078573 0.01875999999998612 0 0.01875999999998612 0
 507.1696207831863 0.013719999999977972 0 0.013719999999977972 0
 509.02761573776763 0.09425717783204846 0 0.09425717783204846 0
 512.7544105505295 0.04899999999997817 0 0.04899999999997817 0
 512.7990872662592 0.018759999999929278 0 0.018759999999929278 0
 516.4121007336918 0.04899999999997817 0 0.04899999999997817 0
 517.4223599523216 0.018759999999929278 0 0.018759999999929278 0
 524.3871040796982 0.018759999999929278 0 0.018759999999929278 0
 524.4245802047274 0.5057202570587833 0 0.5057202570587833 0
 524.5725052066806 0.26957984982186645 0 0.26957984982186645 0
 524.9401736549635 0.028839999999945576 0 0.028839999999945576 0
 528.011956287579 0.028839999999945576 0 0.028839999999945576 0
 528.1430929263082 0.009940000000028704 0 0.009940000000028704 0
 530.8605401217226 0.16995999999994638 0 0.16995999999994638 0
 532.3548645046574 0.04899999999997817 0 0.04899999999997817 0
 532.9703436504428 0.028839999999945576 0 0.028839999999945576 0
 533.2485734843617 0.028839999999945576 0 0.028839999999945576 0
 533.2982368575475 0.013719999999921129 0 0.013719999999921129 0
 537.4851642481898 0.08931999999992968 0 0.08931999999992968 0
 537.563771373314 0.028839999999945576 0 0.028839999999945576 0
 537.844968823741 0.04899999999997817 0 0.04899999999997817 0
 539.3110619064292 0.013719999999921129 0 0.013719999999921129 0
 543.2320397328234 0.018759999999929278 0 0.018759999999929278 0
 544.7105523127233 0.04899999999997817 0 0.04899999999997817 0
 544.9302606310112 0.018759999999929278 0 0.018759999999929278 0
 545.5711002374783 0.028839999999945576 0 0.028839999999945576 0
 545.786245638961 0.009940000000028704 0 0.009940000000028704 0
 548.3984399329747 0.028839999999945576 0 0.028839999999945576 0
 551.6389276432938 0.013719999999921129 0 0.013719999999921129 0
 556.7701877555404 0.011199999999917054 0 0.011199999999917054 0
 557.8938726296835 0.07210829517873663 0 0.07210829517873663 0
 561.1646362940131 0.028839999999945576 0 0.028839999999945576 0
 563.8305336401112 0.08931999999992968 0 0.08931999999992968 0
 566.742380817406 0.018759999999929278 0 0.018759999999929278 0
 566.9774435988548 0.018759999999929278 0 0.018759999999929278 0
 573.5225511122892 0.009940000000028704 0 0.009940000000028704 0
 574.2358811661826 0.30491325135290026 0 0.30491325135290026 0
 575.2736040847636 0.3348322630182565 0 0.3348322630182565 0
 577.5638749148098 0.08931999999992968 0 0.08931999999992968 0
 581.7557067639658 0.013719999999921129 0 0.013719999999921129 0
 585.7257726440239 0.011199999999917054 0 0.011199999999917054 0
 586.0969971904578 0.04899999999997817 0 0.04899999999997817 0
 591.5801993219503 0.24885219902489553 0 0.24885219902489553 0
 591.6382606904072 0.10735271443058991 0 0.10735271443058991 0
 592.2988522035332 0.08931999999992968 0 0.08931999999992968 0
 592.7615392341479 0.028839999999945576 0 0.028839999999945576 0
 594.256105848549 0.08931999999992968 0 0.08931999999992968 0
 595.4316959035657 0.04899999999997817 0 0.04899999999997817 0
 597.1633935867045 0.04899999999997817 0 0.04899999999997817 0
 597.4011096931393 0.018759999999929278 0 0.018759999999929278 0
 598.9217061733975 0.011199999999917054 0 0.011199999999917054 0
 598.9891267293509 0.018759999999929278 0 0.018759999999929278 0
 599.1437905292669 0.028839999999945576 0 0.028839999999945576 0
 599.6773846245981 0.028839999999945576 0 0.028839999999945576 0
 600.5055368073125 0.009940000000028704 0 0.009940000000028704 0
 602.7699747020813 0.04899999999997817 0 0.04899999999997817 0
 603.5653908181273 0.013719999999921129 0 0.013719999999921129 0
 603.7668116795575 0.009940000000028704 0 0.009940000000028704 0
 606.0378651535682 0.3312399999999798 0 0.3312399999999798 0
 611.2206887130674 0.011199999999917054 0 0.011199999999917054 0
 612.1913938620145 0.08931999999992968 0 0.08931999999992968 0
 616.6744971606503 0.028839999999945576 0 0.028839999999945576 0
 617.971114244091 0.028839999999945576 0 0.028839999999945576 0
 620.5501448664553 0.013719999999921129 0 0.013719999999921129 0
 620.8657016036262 0.009940000000028704 0 0.009940000000028704 0
 622.4610469442187 0.1872119584814982 0 0.1872119584814982 0
 624.3557443944894 0.018759999999929278 0 0.018759999999929278 0
 625.313631764854 0.3312399999999798 0 0.3312399999999798 0
 627.4017673723455 0.04899999999997817 0 0.04899999999997817 0
 629.078610691527 0.009940000000028704 0 0.009940000000028704 0
 629.1234803502522 0.011199999999917054 0 0.011199999999917054 0
 629.4564093857214 0.028839999999945576 0 0.028839999999945576 0
 629.8621688837344 0.028839999999945576 0 0.028839999999945576 0
 633.4302481513208 0.04899999999997817 0 0.04899999999997817 0
 635.267480489368 0.08931999999992968 0 0.08931999999992968 0
 636.1534174720476 0.08931999999992968 0 0.08931999999992968 0
 636.3690122047757 0.04899999999997817 0 0.04899999999997817 0
 638.2771440728948 0.04899999999997817 0 0.04899999999997817 0
 638.2792862270949 0.18017785649601592 0 0.18017785649601592 0
 639.7494078570551 0.18754265740801657 0 0.18754265740801657 0
 640.5259110430525 0.04899999999997817 0 0.04899999999997817 0
 643.9353586788698 0.018759999999929278 0 0.018759999999929278 0
 647.6068479330257 0.013719999999921129 0 0.013719999999921129 0
 647.7456438460785 0.013719999999921129 0 0.013719999999921129 0
 648.8546979959992 0.013719999999921129 0 0.013719999999921129 0
 649.5280861810074 0.08931999999992968 0 0.08931999999992968 0
 650.0603145101769 0.028839999999945576 0 0.028839999999945576 0
 653.2723679699088 0.009940000000028704 0 0.009940000000028704 0
 654.8862216630893 0.04899999999997817 0 0.04899999999997817 0
 655.6607884821141 0.08931999999992968 0 0.08931999999992968 0
 658.4562635420417 0.018759999999929278 0 0.018759999999929278 0
 659.5507995505392 0.04899999999997817 0 0.04899999999997817 0
 662.0367533685788 0.018759999999929278 0 0.018759999999929278 0
 665.7800565881893 0.04899999999997817 0 0.04899999999997817 0
 667.5186941715285 0.011199999999917054 0 0.011199999999917054 0
 669.3230692951445 0.028839999999945576 0 0.028839999999945576 0
 669.8278598699078 0.013719999999921129 0 0.013719999999921129 0
 670.0977615433012 0.028839999999945576 0 0.028839999999945576 0
 670.8887377503004 0.1967539077879792 0 0.1967539077879792 0
 671.158571151993 0.018759999999929278 0 0.018759999999929278 0
 672.0608018074586 0.3216556441893772 0 0.3216556441893772 0
 673.0710712672737 0.1865049054699739 0 0.1865049054699739 0
 675.9594603773754 0.009940000000028704 0 0.009940000000028704 0
 676.6240301316243 0.028839999999945576 0 0.028839999999945576 0
 676.6913510761364 0.04899999999997817 0 0.04899999999997817 0
 677.426872240273 0.028839999999945576 0 0.028839999999945576 0
 677.6618940002711 0.011199999999917054 0 0.011199999999917054 0
 677.9804629650131 0.011199999999917054 0 0.011199999999917054 0
 680.3043976289651 0.04899999999997817 0 0.04899999999997817 0
 680.3701830253774 0.011199999999917054 0 0.011199999999917054 0
 680.8185456357822 0.3312399999999798 0 0.3312399999999798 0
 681.8456172848876 0.013719999999921129 0 0.013719999999921129 0
 682.5632296413492 0.028839999999945576 0 0.028839999999945576 0
 683.3602128995012 0.018759999999929278 0 0.018759999999929278 0
 686.0631046985178 0.011199999999917054 0 0.011199999999917054 0
 686.1568966683798 0.018759999999929278 0 0.018759999999929278 0
 686.4840596973495 0.013719999999921129 0 0.013719999999921129 0
 687.2716476214043 0.6783965774473018 0 0.6783965774473018 0
 688.3702975279622 0.009940000000028704 0 0.009940000000028704 0
 689.442157194695 0.30881211949838416 0 0.30881211949838416 0
 690.7662498098991 0.009940000000028704 0 0.009940000000028704 0
 694.5356815140223 0.028839999999945576 0 0.028839999999945576 0
 695.2444818758353 0.011199999999917054 0 0.011199999999917054 0
 699.0430306386586 0.08931999999992968 0 0.08931999999992968 0
 699.9258811272837 0.009940000000028704 0 0.009940000000028704 0
 700.6941694295283 0.013719999999921129 0 0.013719999999921129 0
 702.4827768790914 0.018759999999929278 0 0.018759999999929278 0
 702.9312209239056 0.1315927272726185 0 0.1315927272726185 0
 703.3518048937007 0.15097227976229988 0 0.15097227976229988 0
 705.2310182288084 0.24258965499370788 0 0.24258965499370788 0
 705.7914437689354 0.08877105913950345 0 0.08877105913950345 0
 705.8462385899007 0.08931999999992968 0 0.08931999999992968 0
 706.0044734809145 0.018759999999929278 0 0.018759999999929278 0
 707.5192617649903 0.028839999999945576 0 0.028839999999945576 0
 707.7353053128777 0.011199999999917054 0 0.011199999999917054 0
 707.8973313269075 0.028839999999945576 0 0.028839999999945576 0
 708.9420227323559 0.028839999999945576 0 0.028839999999945576 0
 709.32548301498 0.013719999999921129 0 0.013719999999921129 0
 709.6389260709544 0.08931999999992968 0 0.08931999999992968 0
 710.3379254998572 0.018759999999929278 0 0.018759999999929278 0
 710.5537391116417 0.018759999999929278 0 0.018759999999929278 0
 712.0797477060667 0.028839999999945576 0 0.028839999999945576 0
 712.740462634907 0.04899999999997817 0 0.04899999999997817 0
 713.9559449194479 0.028839999999945576 0 0.028839999999945576 0
 714.3631758723527 0.028839999999945576 0 0.028839999999945576 0
 715.7865300672954 0.16995999999994638 0 0.16995999999994638 0
 718.3420594661274 0.16995999999994638 0 0.16995999999994638 0
 719.4138357084264 0.08931999999992968 0 0.08931999999992968 0
 719.4664111650076 0.04899999999997817 0 0.04899999999997817 0
 721.0654794774938 0.028839999999945576 0 0.028839999999945576 0
 721.5043014412232 0.3114418424554515 0 0.3114418424554515 0
 722.5168681786917 0.04899999999997817 0 0.04899999999997817 0
 722.8296760835552 0.018759999999929278 0 0.018759999999929278 0
 723.909642520509 0.009940000000028704 0 0.009940000000028704 0
 725.0208651374869 0.009940000000028704 0 0.009940000000028704 0
 727.5907155616271 0.009940000000028704 0 0.009940000000028704 0
 727.9223729718768 0.04899999999997817 0 0.04899999999997817 0
 730.2657707364286 0.011199999999917054 0 0.011199999999917054 0
 730.5310139928389 0.028839999999945576 0 0.028839999999945576 0
 733.3302202506569 0.028839999999945576 0 0.028839999999945576 0
 735.3637088214718 0.013719999999921129 0 0.013719999999921129 0
 736.2954403988717 0.3102606702121875 0 0.3102606702121875 0
 736.3710257239478 0.018759999999929278 0 0.018759999999929278 0
 741.0530982521283 0.018759999999929278 0 0.018759999999929278 0
 743.3266983511538 0.16995999999994638 0 0.16995999999994638 0
 746.2603384240722 0.018759999999929278 0 0.018759999999929278 0
 748.4839086888848 0.011199999999917054 0 0.011199999999917054 0
 748.6349366410369 0.013719999999921129 0 0.013719999999921129 0
 750.2459564174392 0.018759999999929278 0 0.018759999999929278 0
 751.1594730538845 0.011199999999917054 0 0.011199999999917054 0
 753.5735186881722 0.15931499370151414 0 0.15931499370151414 0
 753.8167441093548 0.08931999999992968 0 0.08931999999992968 0
 759.1072371660621 0.009940000000028704 0 0.009940000000028704 0
 759.1652658039447 0.04899999999997817 0 0.04899999999997817 0
 762.6348031484255 0.028839999999945576 0 0.028839999999945576 0
 766.5157772693211 0.08931999999992968 0 0.08931999999992968 0
 768.3397441515298 0.04899999999997817 0 0.04899999999997817 0
 768.3989309317761 0.028839999999945576 0 0.028839999999945576 0
 769.2262677863067 0.7637523289002957 0 0.7637523289002957 0
 770.5622339428936 0.018759999999929278 0 0.018759999999929278 0
 772.5664183427037 0.018759999999929278 0 0.018759999999929278 0
 773.506582296672 0.011199999999917054 0 0.011199999999917054 0
 773.964655650886 0.04899999999997817 0 0.04899999999997817 0
 773.9858059850199 0.028839999999945576 0 0.028839999999945576 0
 776.9738747769004 0.018759999999929278 0 0.018759999999929278 0
 777.8851038410688 0.013719999999921129 0 0.013719999999921129 0
 778.0244628026793 0.018759999999929278 0 0.018759999999929278 0
 779.0627270338819 0.028839999999945576 0 0.028839999999945576 0
 779.9127127896007 0.04899999999997817 0 0.04899999999997817 0
 781.9915621125334 0.028839999999945576 0 0.028839999999945576 0
 782.8025622572932 0.011199999999917054 0 0.011199999999917054 0
 783.4385226570963 0.018759999999929278 0 0.018759999999929278 0
 783.9494305354452 0.08931999999992968 0 0.08931999999992968 0
 785.1769061716993 0.2720052492428522 0 0.2720052492428522 0
 786.8776095846966 0.30968912063963216 0 0.30968912063963216 0
 787.5677198549732 0.04899999999997817 0 0.04899999999997817 0
 787.6618229231087 0.009940000000028704 0 0.009940000000028704 0
 789.8903816226563 0.011199999999917054 0 0.011199999999917054 0
 791.8759376254303 0.028839999999945576 0 0.028839999999945576 0
 792.1353540474615 0.018759999999929278 0 0.018759999999929278 0
 796.9624078838146 0.028839999999945576 0 0.028839999999945576 0
 798.2582350526602 0.011199999999917054 0 0.011199999999917054 0
 800.0655668244461 0.009940000000028704 0 0.009940000000028704 0
 802.2691185263939 0.16995999999994638 0 0.16995999999994638 0
 802.2786662264233 0.011199999999917054 0 0.011199999999917054 0
 803.6982676620438 0.27612035430274773 0 0.27612035430274773 0
 804.1427920420257 0.028839999999945576 0 0.028839999999945576 0
 805.9309277542317 0.018759999999929278 0 0.018759999999929278 0
 806.7037813279397 0.011199999999917054 0 0.011199999999917054 0
 811.1237306697366 0.011199999999917054 0 0.011199999999917054 0
 815.153543770002 0.04899999999997817 0 0.04899999999997817 0
 815.6031490793521 0.011199999999917054 0 0.011199999999917054 0
 816.646321935967 0.04899999999997817 0 0.04899999999997817 0
 816.9367962072816 0.08762043229921801 0 0.08762043229921801 0
 818.1472645922601 0.42965335886083267 0 0.42965335886083267 0
 822.6423400283924 0.08931999999992968 0 0.08931999999992968 0
 823.03566767782 0.04899999999997817 0 0.04899999999997817 0
 823.0751215673755 0.028839999999945576 0 0.028839999999945576 0
 825.8830591586478 0.16995999999994638 0 0.16995999999994638 0
 828.4341156097756 0.08931999999992968 0 0.08931999999992968 0
 829.4871775867217 0.009940000000028704 0 0.009940000000028704 0
 830.318011669748 0.028839999999945576 0 0.028839999999945576 0
 830.4562700054058 0.028839999999945576 0 0.028839999999945576 0
 833.2906370715428 0.1791054076608134 0 0.1791054076608134 0
 834.4954691007292 0.6739737469888496 0 0.6739737469888496 0
 836.2037996840091 0.3312399999999798 0 0.3312399999999798 0
 839.4240409570792 0.018759999999929278 0 0.018759999999929278 0
 841.5901017965558 0.011199999999917054 0 0.011199999999917054 0
 842.4321814676823 0.013719999999921129 0 0.013719999999921129 0
 842.802978027486 0.08931999999992968 0 0.08931999999992968 0
 843.405884907043 0.009940000000028704 0 0.009940000000028704 0
 844.0361190149245 0.018759999999929278 0 0.018759999999929278 0
 844.2353431530685 0.011199999999917054 0 0.011199999999917054 0
 848.7446539384981 0.009940000000028704 0 0.009940000000028704 0
 849.0197041396627 0.018759999999929278 0 0.018759999999929278 0
 849.0832756744941 0.04899999999997817 0 0.04899999999997817 0
 849.7663781663791 0.1913574068547632 0 0.1913574068547632 0
 850.0463403525271 0.04899999999997817 0 0.04899999999997817 0
 850.8654400402514 0.291997732469099 0 0.291997732469099 0
 852.0356422558273 0.15554146670194768 0 0.15554146670194768 0
 854.4803885727885 0.04899999999997817 0 0.04899999999997817 0
 855.5234688330277 0.013719999999921129 0 0.013719999999921129 0
 860.5573637690525 0.018759999999929278 0 0.018759999999929278 0
 861.9650335606962 0.3312399999999798 0 0.3312399999999798 0
 862.3880075598823 0.16995999999994638 0 0.16995999999994638 0
 863.961267848403 0.028839999999945576 0 0.028839999999945576 0
 864.1025769326291 0.3312399999999798 0 0.3312399999999798 0
 865.344811028435 0.04899999999997817 0 0.04899999999997817 0
 867.1457984153298 0.3415730014634164 0 0.3415730014634164 0
 868.4065932649243 0.4529128091404573 0 0.4529128091404573 0
 869.4291553431381 0.028839999999945576 0 0.028839999999945576 0
 870.2746039277952 0.16995999999994638 0 0.16995999999994638 0
 870.5930193924296 0.013719999999921129 0 0.013719999999921129 0
 871.9126646040944 0.028839999999945576 0 0.028839999999945576 0
 872.1043050514913 0.013719999999921129 0 0.013719999999921129 0
 874.8724291520746 0.028839999999945576 0 0.028839999999945576 0
 877.7798479263644 0.16995999999994638 0 0.16995999999994638 0
 879.0507035027382 0.018759999999929278 0 0.018759999999929278 0
 879.2763138172273 0.018759999999929278 0 0.018759999999929278 0
 881.4823755965726 0.04899999999997817 0 0.04899999999997817 0
 881.8184741392472 0.013719999999921129 0 0.013719999999921129 0
 887.6147372495751 0.009940000000028704 0 0.009940000000028704 0
 888.5111086987376 0.028839999999945576 0 0.028839999999945576 0
 888.6525094094467 0.009940000000028704 0 0.009940000000028704 0
 889.0384959986781 0.009940000000028704 0 0.009940000000028704 0
 890.2181394143108 0.028839999999945576 0 0.028839999999945576 0
 892.0716308866038 0.011199999999917054 0 0.011199999999917054 0
 893.9620453677438 0.04899999999997817 0 0.04899999999997817 0
 896.5772545438239 0.018759999999929278 0 0.018759999999929278 0
 898.1520853165027 0.013719999999921129 0 0.013719999999921129 0
 898.918880991462 0.028839999999945576 0 0.028839999999945576 0
 901.0668424295849 0.14192420218603274 0 0.14192420218603274 0
 902.8460664554317 0.028839999999945576 0 0.028839999999945576 0
 906.974802486934 0.011199999999917054 0 0.011199999999917054 0
 911.0264067494221 0.028839999999945576 0 0.028839999999945576 0
 912.3825389713683 0.028839999999945576 0 0.028839999999945576 0
 913.7092459773643 0.009940000000028704 0 0.009940000000028704 0
 914.0992454296305 0.04899999999997817 0 0.04899999999997817 0
 914.6476467920323 0.028839999999945576 0 0.028839999999945576 0
 917.063898172793 0.16454873926033997 0 0.16454873926033997 0
 917.4737485035198 0.33081672695971065 0 0.33081672695971065 0
 918.2447679747236 0.3478130950996956 0 0.3478130950996956 0
 919.0567919406558 0.009940000000028704 0 0.009940000000028704 0
 920.3335397391301 0.013719999999921129 0 0.013719999999921129 0
 922.4982449099326 0.009940000000028704 0 0.009940000000028704 0
 923.5169277780996 0.04899999999997817 0 0.04899999999997817 0
 923.7458529556905 0.04899999999997817 0 0.04899999999997817 0
 926.481320631432 0.018759999999929278 0 0.018759999999929278 0
 927.6896284930228 0.04899999999997817 0 0.04899999999997817 0
 927.763034950128 0.04899999999997817 0 0.04899999999997817 0
 928.0404293870706 0.011199999999917054 0 0.011199999999917054 0
 929.0731246892786 0.018759999999929278 0 0.018759999999929278 0
 930.3355559779383 0.04899999999997817 0 0.04899999999997817 0
 931.3819474284403 0.2553614502272694 0 0.2553614502272694 0
 934.0366742211366 0.009940000000028704 0 0.009940000000028704 0
 934.218754472484 0.04899999999997817 0 0.04899999999997817 0
 934.2935427480281 0.08931999999992968 0 0.08931999999992968 0
 936.176139320793 0.04899999999997817 0 0.04899999999997817 0
 936.370106608593 0.028839999999945576 0 0.028839999999945576 0
 941.5013208240624 0.028839999999945576 0 0.028839999999945576 0
 941.6410416180724 0.028839999999945576 0 0.028839999999945576 0
 943.4294252517554 0.018759999999929278 0 0.018759999999929278 0
 948.6431469306173 0.09402126282122936 0 0.09402126282122936 0
 950.3665854435386 0.011199999999917054 0 0.011199999999917054 0
 957.5329572485005 0.013719999999921129 0 0.013719999999921129 0
 964.0429914017247 0.013719999999921129 0 0.013719999999921129 0
 966.476832152136 0.2525642552928957 0 0.2525642552928957 0
 968.1797916043579 0.08931999999992968 0 0.08931999999992968 0
 969.2919796052349 0.009940000000028704 0 0.009940000000028704 0
 971.1350708734274 0.013719999999921129 0 0.013719999999921129 0
 974.5041044857779 0.013719999999921129 0 0.013719999999921129 0
 975.2605808343452 0.018759999999929278 0 0.018759999999929278 0
 976.7663963312182 0.009940000000028704 0 0.009940000000028704 0
 981.9687280647634 0.04899999999997817 0 0.04899999999997817 0
 983.7162593889312 0.35125160482027695 0 0.35125160482027695 0
 984.3954734436293 0.3312399999999798 0 0.3312399999999798 0
 984.5314184659596 0.028839999999945576 0 0.028839999999945576 0
 984.5406429122662 0.04899999999997817 0 0.04899999999997817 0
 985.6307985811806 0.013719999999921129 0 0.013719999999921129 0
 986.3923260593976 0.08931999999992968 0 0.08931999999992968 0
 986.9908612408325 0.011199999999917054 0 0.011199999999917054 0
 991.9202798853624 0.028839999999945576 0 0.028839999999945576 0
 992.3530199371827 0.028839999999945576 0 0.028839999999945576 0
 992.5667042251006 0.04899999999997817 0 0.04899999999997817 0
 1004.0167101031808 0.013719999999921129 0 0.013719999999921129 0
 1007.7420920602865 0.04899999999997817 0 0.04899999999997817 0
 1010.4207112462124 0.018759999999929278 0 0.018759999999929278 0
 1010.4578894424018 0.011199999999917054 0 0.011199999999917054 0
 1010.6025484143125 0.08931999999992968 0 0.08931999999992968 0
 1011.0053330132807 0.04899999999997817 0 0.04899999999997817 0
 1012.8293299602655 0.011199999999917054 0 0.011199999999917054 0
 1013.0454557665611 0.2831117615212406 0 0.2831117615212406 0
 1014.4178601020734 0.4176283553287021 0 0.4176283553287021 0
 1017.0683147672087 0.028839999999945576 0 0.028839999999945576 0
 1018.691883990222 0.018759999999929278 0 0.018759999999929278 0
 1019.3298887733074 0.018759999999929278 0 0.018759999999929278 0
 1020.5488305869246 0.011199999999917054 0 0.011199999999917054 0
 1021.2979847875548 0.04899999999997817 0 0.04899999999997817 0
 1021.3386983893288 0.16995999999994638 0 0.16995999999994638 0
 1025.4685605193256 0.00994000000014239 0 0.00994000000014239 0
 1029.2817900693267 0.02884000000017295 0 0.02884000000017295 0
 1032.4521580338908 0.16996000000017375 0 0.16996000000017375 0
 1033.1469969860195 0.04899999999997817 0 0.04899999999997817 0
 1033.4849748171764 0.02884000000017295 0 0.02884000000017295 0
 1035.6860296009397 0.00994000000014239 0 0.00994000000014239 0
 1036.156911304837 0.08932000000004336 0 0.08932000000004336 0
 1036.3529937213366 0.01876000000015665 0 0.01876000000015665 0
 1037.0778080409189 0.013720000000148502 0 0.013720000000148502 0
 1038.0584777210188 0.3312399999999798 0 0.3312399999999798 0
 1040.016066554532 0.00994000000014239 0 0.00994000000014239 0
 1042.6247522035715 0.02884000000017295 0 0.02884000000017295 0
 1042.9394157356521 0.08932000000004336 0 0.08932000000004336 0
 1043.443491345413 0.3312399999999798 0 0.3312399999999798 0
 1044.5561717560324 0.013720000000148502 0 0.013720000000148502 0
 1046.768133324816 0.18523402509140396 0 0.18523402509140396 0
 1046.7760257031623 0.02884000000017295 0 0.02884000000017295 0
 1046.8350689734102 0.3338230599497365 0 0.3338230599497365 0
 1047.0820350424797 0.013720000000148502 0 0.013720000000148502 0
 1048.0790180716315 0.6160263331908027 0 0.6160263331908027 0
 1048.0993380007517 0.29336534627100264 0 0.29336534627100264 0
 1050.709117515547 0.01876000000015665 0 0.01876000000015665 0
 1051.2364728470943 0.01876000000015665 0 0.01876000000015665 0
 1053.0721721400973 0.011200000000144428 0 0.011200000000144428 0
 1053.8297604465479 0.02884000000017295 0 0.02884000000017295 0
 1054.7128355045438 0.011200000000144428 0 0.011200000000144428 0
 1055.0912171134669 0.02884000000017295 0 0.02884000000017295 0
 1057.157884087329 0.02884000000017295 0 0.02884000000017295 0
 1057.979420313368 0.04899999999997817 0 0.04899999999997817 0
 1058.9592629001027 0.00994000000014239 0 0.00994000000014239 0
 1060.063101934781 0.08932000000004336 0 0.08932000000004336 0
 1061.1207781558192 0.02884000000017295 0 0.02884000000017295 0
 1061.207800663729 0.011200000000144428 0 0.011200000000144428 0
 1062.0613017837711 0.011200000000144428 0 0.011200000000144428 0
 1063.1318370924405 0.3115692052704162 0 0.3115692052704162 0
 1064.4736919468182 0.29204688075492413 0 0.29204688075492413 0
 1064.5872343235435 0.011200000000144428 0 0.011200000000144428 0
 1065.9599091747853 0.011200000000144428 0 0.011200000000144428 0
 1067.0967132855938 0.16996000000017375 0 0.16996000000017375 0
 1067.370591693385 0.01876000000015665 0 0.01876000000015665 0
 1070.1287657064845 0.04899999999997817 0 0.04899999999997817 0
 1072.799863283621 0.013720000000148502 0 0.013720000000148502 0
 1073.9374209059622 0.01876000000015665 0 0.01876000000015665 0
 1074.334246925376 0.04899999999997817 0 0.04899999999997817 0
 1075.1435456710508 0.02884000000017295 0 0.02884000000017295 0
 1075.789921948997 0.04899999999997817 0 0.04899999999997817 0
 1075.8371624787903 0.08932000000004336 0 0.08932000000004336 0
 1082.5099437210336 0.04899999999997817 0 0.04899999999997817 0
 1083.0330607852575 0.013720000000148502 0 0.013720000000148502 0
 1084.1302254430414 0.00994000000014239 0 0.00994000000014239 0
 1086.0259939789019 0.08932000000004336 0 0.08932000000004336 0
 1086.7123476077047 0.02884000000017295 0 0.02884000000017295 0
 1087.8774811107378 0.02884000000017295 0 0.02884000000017295 0
 1090.1758795149346 0.01876000000015665 0 0.01876000000015665 0
 1090.2153162055863 0.00994000000014239 0 0.00994000000014239 0
 1090.246445421137 0.04899999999997817 0 0.04899999999997817 0
 1090.2950400701363 0.011200000000144428 0 0.011200000000144428 0
 1091.9422818509054 0.013720000000148502 0 0.013720000000148502 0
 1093.1075939636685 0.16996000000017375 0 0.16996000000017375 0
 1097.4349372162326 0.04899999999997817 0 0.04899999999997817 0
 1100.203094756458 0.01876000000015665 0 0.01876000000015665 0
 1100.5625752798105 0.08932000000004336 0 0.08932000000004336 0
 1101.0755191830629 0.00994000000014239 0 0.00994000000014239 0
 1101.0983959321802 0.00994000000014239 0 0.00994000000014239 0
